36 0 0 39 34 0 0 47 24 8 19 0 120 30 0 0 0 0 43 0 40 0 32 0 32 0.51
3 0 3 0 0 1 2 0 4 6 3 0 0 0 0 3 0 0 0 3 0 1 0 0 4 0.13
2 3 0 15 21 0 3 8 0 0 0 0 4 2 11 2 12 3 1 21 3 2 3 0 1 0.34
0 0 0 3 8 2 7 0 1 0 4 4 2 16 0 0 10 13 8 2 7 0 3 0 3 0.33
0 0 3 0 1 0 1 0 0 2 0 0 2 0 0 2 0 0 1 3 0 0 0 3 2 0.08
0 0 1 3 6 5 1 0 1 0 1 2 1 1 0 0 4 0 0 0 0 0 0 3 0 0.11
0 25 32 26 11 9 0 0 40 9 50 0 0 137 0 16 13 58 0 0 33 34 0 0 0 0.55
4 0 6 0 0 1 1 0 0 0 6 0 1 0 0 0 13 3 0 6 2 0 0 0 0 0.16
47 45 17 0 16 0 3 49 31 0 15 6 37 0 87 3 42 0 46 31 0 0 0 19 3 0.58
1 21 7 0 0 0 0 7 19 3 6 14 1 5 0 1 19 23 0 2 1 15 5 3 10 0.44
11 5 0 80 0 65 0 0 20 0 0 40 23 32 59 19 0 0 14 6 34 0 0 32 11 0.56
5 15 5 1 6 0 0 22 0 0 0 9 12 0 1 7 7 1 3 20 6 4 0 1 8 0.41
0 40 35 4 0 78 22 35 0 0 0 0 0 74 0 0 0 14 6 0 0 0 0 0 0 0.32
5 0 2 0 3 0 0 3 0 0 0 0 1 0 4 0 1 0 1 4 1 0 3 0 0 0.11
0 0 11 32 27 0 17 44 0 49 0 0 52 5 28 0 1 59 0 37 56 43 20 0 0 0.54
5 0 0 5 0 2 0 0 0 0 0 0 0 0 0 0 0 0 0 3 0 0 0 3 2 0.08
16 0 0 8 0 0 3 0 0 1 2 3 1 7 18 6 0 4 13 6 1 23 2 5 14 0.39
6 0 15 0 6 0 0 1 9 0 3 12 3 2 4 0 1 5 0 8 3 0 1 0 2 0.29
6 1 0 0 3 7 2 7 1 11 6 0 3 2 1 4 0 6 8 0 0 0 22 11 6 0.37
3 9 0 0 7 3 2 13 0 0 0 12 0 9 0 12 0 4 12 1 3 10 10 0 7 0.43
0 0 0 0 0 0 1 0 0 1 1 2 0 0 0 5 2 0 0 3 0 2 0 2 0 0.07
0 1 0 0 0 0 1 5 0 4 2 0 0 3 0 3 0 0 3 0 6 3 0 0 0 0.12
9 1 3 6 3 2 0 1 11 1 1 11 3 21 6 4 14 6 4 10 10 3 3 0 10 0.5
7 2 3 9 4 6 1 0 0 3 1 2 7 10 0 2 0 1 5 14 3 5 7 2 11 0.39
2 0 0 4 0 3 0 0 0 0 0 0 0 2 0 1 0 0 0 0 3 0 5 1 0 0.08
0 9 4 10 0 21 0 2 2 1 12 0 4 9 1 2 5 0 0 21 0 2 0 2 9 0.36
3 0 0 1 2 1 1 0 6 0 0 0 4 0 0 1 5 0 1 5 0 0 0 2 0 0.12
51 53 30 32 40 0 34 1 14 8 0 14 0 39 0 33 0 6 5 0 0 13 51 0 0 0.55
3 0 0 17 7 2 5 0 0 17 6 1 0 3 0 7 6 2 1 5 12 3 0 1 5 0.34
0 0 0 4 0 0 0 0 0 2 5 0 0 2 3 0 0 0 1 3 6 0 2 0 2 0.12
0 4 0 0 2 2 0 1 0 0 0 3 0 0 3 0 0 0 0 2 0 6 0 0 0 0.09
0 10 9 2 8 21 3 2 3 3 5 0 19 5 0 0 16 0 2 0 0 7 0 1 3 0.37
38 22 0 22 17 5 0 38 24 0 26 37 15 152 69 6 37 26 7 0 0 0 0 0 14 0.63
14 7 2 1 11 9 5 10 0 1 0 0 1 3 19 8 4 4 5 2 2 3 0 3 1 0.4
3 1 2 10 11 2 5 10 1 0 3 11 6 9 7 6 18 10 0 11 7 5 0 6 6 0.55
1 8 0 10 5 7 2 5 0 9 1 2 16 3 0 0 2 0 0 6 0 3 0 0 8 0.32
17 14 0 6 0 10 0 1 0 0 18 3 6 7 0 0 15 1 0 13 2 3 10 7 0 0.42
2 0 0 3 0 2 0 0 2 1 1 0 0 0 0 0 0 0 4 5 0 0 6 0 0 0.1
0 6 5 3 3 2 0 1 0 0 0 2 0 0 3 3 0 0 2 0 1 4 0 2 0 0.14
10 2 1 1 1 0 9 0 9 0 2 0 11 2 12 8 0 0 14 7 0 2 1 4 9 0.39
0 6 7 3 9 0 7 2 0 14 0 0 1 0 0 0 9 0 2 2 8 7 16 0 0 0.33
13 39 0 15 0 61 0 0 48 59 0 10 62 8 18 70 8 0 17 0 33 10 0 0 12 0.62
0 44 113 0 15 28 35 10 16 28 34 30 7 0 3 0 156 0 0 0 32 29 155 38 1 0.64
138 31 56 12 0 0 0 32 0 10 0 0 13 0 0 36 27 0 76 0 40 17 0 19 0 0.52
0 0 0 2 0 0 0 0 0 3 0 0 5 0 0 0 0 0 0 0 0 0 4 0 1 0.06
9 3 19 6 9 3 3 0 2 3 2 0 0 0 2 0 3 0 2 0 0 10 12 0 12 0.34
14 19 0 0 3 3 9 0 0 0 3 0 0 0 0 3 0 0 0 7 2 4 0 0 8 0.24
0 8 0 30 0 28 25 11 0 52 29 0 36 0 44 51 0 0 0 23 0 82 26 0 0 0.51
0 0 0 0 16 2 10 1 1 0 18 14 0 15 0 7 0 0 10 10 3 0 0 17 2 0.38
0 0 2 0 0 0 4 4 0 2 1 0 0 5 1 0 0 0 3 0 0 1 0 0 3 0.1
0 1 0 2 0 0 0 0 1 0 6 0 3 2 1 3 0 0 2 0 3 0 1 0 0 0.1
66 136 46 6 0 23 0 64 37 0 0 1 31 1 100 0 14 23 4 0 0 10 0 0 0 0.48
0 0 0 3 0 1 0 0 0 0 0 0 0 5 0 4 0 5 0 0 0 1 0 0 4 0.09
2 12 0 6 0 0 10 0 13 1 6 2 5 2 10 13 1 0 0 2 3 17 0 4 0 0.37
0 0 0 0 3 2 2 6 0 0 3 3 0 6 0 0 0 1 0 0 4 4 0 2 2 0.15
2 5 1 3 1 8 13 0 8 13 2 10 0 16 9 5 0 0 0 2 5 6 9 13 0 0.46
0 0 0 8 5 4 0 9 7 0 1 0 7 0 2 4 22 0 1 9 9 2 12 6 0 0.37
14 0 7 6 3 0 4 1 3 15 0 21 10 6 7 10 4 0 3 0 10 0 7 0 0 0.44
0 49 50 0 0 37 0 0 33 23 37 32 0 46 96 12 10 0 27 43 55 26 41 0 0 0.64
5 10 4 18 3 2 0 5 12 4 0 1 10 0 5 3 9 1 2 3 11 0 8 0 3 0.43
0 4 13 4 0 0 0 3 1 1 0 0 4 0 1 5 3 10 1 11 5 1 3 4 3 0.29
0 0 0 2 0 3 0 0 0 0 0 0 4 2 0 0 0 0 4 1 4 2 0 6 1 0.11
0 0 3 0 0 3 0 0 4 0 0 0 0 0 4 0 0 0 0 3 0 1 1 0 3 0.08
2 8 12 0 17 0 16 4 2 5 5 0 0 13 0 14 2 7 0 0 19 0 2 0 6 0.41
0 0 32 33 20 25 39 0 0 34 40 39 0 55 36 41 0 0 3 23 108 0 0 15 0 0.57
0 28 41 8 2 45 37 0 0 41 97 0 0 39 0 0 23 0 0 49 41 45 25 35 36 0.6
10 0 2 16 6 14 12 0 3 0 0 0 11 1 3 0 2 0 2 0 0 0 10 1 5 0.34
0 13 24 1 2 0 6 8 14 0 7 0 13 16 12 6 21 8 0 8 1 15 12 4 3 0.57
0 117 33 0 12 7 9 0 0 0 9 0 19 0 31 0 0 0 19 116 0 0 46 43 46 0.5
0 7 0 0 8 1 5 2 0 3 0 4 0 0 2 3 0 0 7 14 8 10 9 0 8 0.34
12 0 9 0 0 5 0 11 17 3 8 2 10 5 8 0 0 0 1 1 3 3 7 9 0 0.41
0 0 2 0 1 3 6 0 4 0 7 6 0 3 20 12 8 9 0 4 1 0 23 7 7 0.39
0 0 0 0 5 0 4 3 17 0 6 10 7 0 0 0 6 4 0 0 3 0 8 0 0 0.26
0 3 0 0 1 0 1 1 0 2 0 3 0 0 0 0 0 0 3 0 4 0 3 0 0 0.08
0 4 0 3 0 0 0 4 0 0 0 4 0 0 0 6 0 0 1 0 3 0 0 0 3 0.11
34 24 41 21 85 68 11 25 149 0 93 38 46 0 0 0 0 0 70 0 0 40 0 9 0 0.59
0 1 8 0 2 0 0 3 0 0 0 0 2 11 0 0 0 19 9 0 0 0 1 0 13 0.22
0 0 5 9 22 13 19 0 10 1 2 10 17 0 4 13 1 3 15 0 4 0 0 20 0 0.47
2 4 8 5 3 0 2 8 2 0 5 3 0 6 4 2 9 0 0 3 14 0 10 0 3 0.35
1 4 5 3 0 5 8 0 0 0 0 0 12 20 5 1 23 0 0 10 19 6 5 0 17 0.41
0 3 0 0 0 1 1 0 0 0 0 2 0 1 3 0 5 0 0 0 0 0 0 1 1 0.07
4 4 8 10 15 11 14 1 8 2 0 10 12 0 17 15 6 7 0 3 0 3 13 0 0 0.54
11 6 13 3 0 3 0 5 1 8 19 0 5 1 0 9 10 2 0 5 0 6 14 7 3 0.45
2 0 1 5 3 3 11 3 1 0 2 0 2 0 7 6 7 5 0 5 4 5 5 6 8 0.36
44 52 2 0 97 0 0 12 60 0 0 41 40 9 49 37 0 50 39 29 40 25 0 0 122 0.64
0 4 0 0 3 3 0 0 0 0 1 1 0 3 3 0 3 0 0 0 3 0 0 3 0 0.1
12 12 0 0 0 2 0 0 9 0 1 1 0 7 0 6 3 2 0 14 6 0 0 0 8 0.29
0 51 38 0 0 0 41 0 36 28 25 45 34 31 0 23 13 2 41 50 0 1 7 98 0 0.59
3 0 0 0 0 5 1 0 0 0 5 1 0 3 0 0 0 0 0 1 2 4 0 0 0 0.1
13 10 8 0 13 1 4 5 0 1 5 0 4 13 1 13 0 2 0 0 0 0 9 0 1 0.36
0 5 0 6 4 1 0 1 0 2 0 0 0 0 0 1 0 0 1 0 0 0 0 3 1 0.1
50 0 4 0 0 43 36 10 40 0 0 8 39 0 41 8 40 0 0 0 18 66 0 0 0 0.48
0 13 4 0 18 7 7 9 0 3 0 1 0 4 0 0 2 12 2 7 1 0 10 4 10 0.4
12 6 6 1 6 2 0 3 1 4 0 3 2 3 2 3 3 0 1 24 0 7 5 17 0 0.35
0 1 0 0 0 0 2 0 0 2 0 2 0 0 2 0 3 2 2 0 3 1 0 0 1 0.08
6 0 47 26 0 2 75 105 0 0 0 0 37 0 30 0 41 0 42 0 0 0 0 3 0 0.36
0 0 0 15 87 17 0 134 16 82 25 0 47 40 0 0 47 0 7 36 30 0 0 22 129 0.58
1 12 0 0 1 0 2 7 20 3 0 0 0 10 0 2 0 14 7 0 3 0 3 5 4 0.31
0 0 0 1 0 0 0 3 0 0 2 0 0 2 0 1 3 0 0 0 0 0 0 2 0 0.05
1 0 1 4 0 0 0 0 2 4 1 2 1 1 3 0 1 1 3 0 3 0 3 0 0 0.12
1 3 2 0 0 0 0 0 0 0 3 5 0 0 2 3 2 0 1 0 0 0 0 0 0 0.08
4 0 3 0 2 0 3 0 2 0 0 0 1 0 2 0 0 3 0 0 3 3 0 0 0 0.1
0 0 4 9 0 0 0 0 0 15 2 10 6 17 0 0 0 5 0 7 0 0 0 0 0 0.25
10 0 159 0 28 0 38 15 0 0 0 0 0 2 24 71 33 58 3 0 18 35 0 17 11 0.54
0 0 0 2 2 0 0 0 1 0 0 4 0 2 0 0 0 0 0 0 2 0 1 2 1 0.06
0 1 0 4 0 11 8 0 0 11 0 1 6 6 0 0 14 1 7 0 4 7 18 0 13 0.38
0 0 32 0 39 0 40 25 12 13 6 0 9 51 0 41 42 3 0 34 0 30 33 49 0 0.59
1 6 1 9 2 7 14 3 10 4 0 0 9 2 0 1 9 4 0 0 24 0 1 6 9 0.41
0 32 0 0 34 50 8 30 0 1 54 46 0 0 0 0 0 32 158 99 1 45 32 34 21 0.55
6 1 1 0 3 6 7 11 2 8 9 6 8 10 12 3 3 3 21 9 4 8 9 3 4 0.57
0 5 0 11 0 6 4 0 22 3 6 3 4 1 0 3 8 1 9 5 9 6 3 6 3 0.42
1 3 5 9 1 0 1 4 5 13 5 6 2 5 7 0 6 13 1 0 6 3 0 9 4 0.41
0 0 2 0 0 0 5 0 4 0 0 0 0 1 1 2 6 0 0 4 0 4 3 3 3 0.15
0 7 0 2 23 12 5 0 4 1 6 8 0 6 6 7 14 1 6 3 11 0 7 9 0 0.47
43 0 0 0 11 0 22 3 0 0 0 44 0 31 0 36 0 98 0 0 0 17 0 7 6 0.38
0 8 0 8 0 3 0 14 3 0 5 7 3 4 0 8 9 3 0 3 0 17 0 12 0 0.37
23 0 32 0 0 12 0 5 0 60 38 41 15 36 73 0 0 0 22 0 25 18 0 0 0 0.5
9 0 9 4 0 0 17 1 2 2 10 18 5 14 2 0 2 7 1 1 0 2 0 2 9 0.39
6 9 24 4 6 3 2 2 1 0 22 13 0 1 4 23 3 4 24 0 10 0 0 3 11 0.47
20 1 6 12 3 7 8 2 0 6 3 4 10 5 12 23 0 1 24 2 0 3 3 3 11 0.5
0 2 0 0 0 1 0 1 3 0 0 0 5 0 0 4 0 0 0 0 0 0 3 4 0 0.09
0 0 0 0 0 2 3 0 0 0 0 0 3 0 0 3 4 0 0 0 0 0 0 1 0 0.06
6 4 6 1 5 15 0 0 0 0 10 0 0 0 14 0 2 4 0 2 10 14 2 0 4 0.34
4 6 15 0 10 22 0 2 2 7 3 11 24 15 2 6 0 1 12 3 18 5 5 0 2 0.51
47 0 31 0 0 0 34 104 11 32 30 0 11 0 30 10 0 0 0 0 0 22 76 0 0 0.48
36 0 20 36 2 37 40 83 0 21 24 0 41 33 31 117 10 3 14 0 35 2 31 0 36 0.7
0 27 4 34 0 48 0 0 0 0 86 0 19 13 0 10 8 29 0 20 0 0 0 5 0 0.42
3 16 4 0 11 4 14 1 10 2 1 7 4 5 3 0 12 0 2 24 0 1 14 1 9 0.46
3 2 5 12 0 4 13 0 2 0 0 1 1 0 0 0 0 3 2 0 0 1 0 10 7 0.24
1 0 0 2 1 0 6 0 0 0 6 0 6 0 0 0 3 2 4 4 3 0 2 0 0 0.16
5 0 0 0 2 18 0 2 9 5 17 7 7 7 0 0 0 6 2 0 8 0 0 3 0 0.33
13 0 2 4 0 7 3 0 2 7 5 5 0 17 0 1 1 1 12 8 0 17 17 11 24 0.46
0 6 0 0 0 0 0 0 0 13 9 0 10 6 3 9 1 3 0 3 1 3 0 5 0 0.27
3 3 13 2 0 6 10 1 12 1 1 6 0 8 3 2 0 9 3 4 2 14 2 2 2 0.39
16 42 0 36 0 25 74 8 7 7 0 29 0 0 0 39 0 40 0 23 0 8 39 0 0 0.52
0 25 0 33 12 0 36 0 156 48 0 47 0 0 35 0 33 37 0 13 30 82 42 43 0 0.6
0 2 6 10 9 0 1 10 9 0 0 1 7 6 0 1 8 0 0 6 3 0 0 7 11 0.38
0 7 10 7 5 1 0 2 9 0 3 5 10 7 24 8 4 8 0 3 1 3 3 0 5 0.44
0 0 2 0 1 0 8 1 0 0 10 1 1 0 0 0 13 1 0 7 2 8 3 1 0 0.22
8 0 3 17 12 13 7 12 3 3 4 3 2 6 1 1 0 0 0 0 0 15 0 2 0 0.37
2 10 9 3 0 0 9 1 14 7 16 9 0 0 5 0 7 3 0 0 0 1 0 5 0 0.36
0 0 1 0 7 3 1 1 0 1 0 3 0 6 0 0 3 11 1 8 10 0 4 0 0 0.23
3 1 3 0 3 23 0 2 1 23 2 5 21 0 8 7 5 3 4 0 13 1 1 4 11 0.41
0 4 0 0 0 0 0 0 0 0 3 0 0 0 0 0 0 6 0 0 0 1 4 0 0 0.07
6 0 1 0 4 2 2 1 0 3 4 8 9 0 0 0 4 1 21 16 0 1 0 2 2 0.28
0 0 0 0 0 0 1 5 2 1 0 2 2 0 0 0 0 1 1 0 0 0 1 3 2 0.08
0 0 0 0 2 0 0 0 0 1 2 0 1 1 1 0 0 0 0 0 5 0 0 2 0 0.05
0 1 2 0 0 3 0 0 0 1 0 0 3 0 0 0 3 6 0 0 0 0 0 0 0 0.07
0 0 0 0 9 0 3 0 15 1 0 5 0 11 2 0 8 0 3 0 0 3 12 0 0 0.25
17 31 0 12 8 0 40 43 0 0 0 0 39 0 18 0 0 55 10 33 0 0 39 46 32 0.55
49 0 0 17 0 27 30 0 37 16 40 0 0 0 0 20 0 0 34 88 0 0 0 40 26 0.48
3 0 0 0 0 0 2 0 4 0 0 3 0 0 0 3 2 0 0 0 0 0 0 0 0 0.06
2 4 0 0 2 2 0 0 2 0 0 0 0 4 0 0 0 3 6 3 0 3 2 0 0 0.13
45 19 0 45 0 51 35 0 0 41 14 62 0 56 4 31 0 0 0 54 13 0 48 49 0 0.57
0 0 0 2 0 2 0 2 0 0 0 1 0 0 1 4 0 0 0 0 0 3 3 0 0 0.07
0 1 10 3 3 2 19 10 0 0 22 1 0 0 0 3 18 2 13 4 9 0 2 14 13 0.44
0 13 13 5 14 1 10 5 2 0 0 3 1 1 0 11 1 7 5 2 0 12 1 1 5 0.39
0 4 1 10 6 10 11 1 3 0 12 10 0 1 11 5 0 9 0 16 2 3 0 9 0 0.45
0 15 0 13 25 38 35 0 0 0 24 7 0 0 0 0 22 0 12 73 0 38 0 24 14 0.5
0 15 1 1 0 2 10 7 9 10 0 11 2 3 1 1 16 0 1 3 2 16 2 2 1 0.39
2 6 3 6 7 0 5 2 9 6 2 0 4 2 9 0 1 9 9 16 20 1 3 2 6 0.45
4 0 6 0 3 0 0 0 0 0 3 1 2 0 1 3 0 1 0 0 1 4 0 3 0 0.12
1 1 0 2 0 2 0 6 0 0 0 2 0 0 0 0 0 3 0 1 0 2 2 5 0 0.1
6 7 3 11 5 2 3 0 12 0 0 2 7 0 0 1 12 0 14 0 7 0 0 1 0 0.33
9 0 0 17 2 0 0 1 13 3 6 0 0 5 2 5 0 1 2 0 8 0 0 0 15 0.29
14 54 0 0 17 21 0 47 45 22 40 0 35 0 0 0 8 0 7 2 0 0 0 49 0 0.46
0 0 0 0 0 1 2 0 3 1 0 0 0 1 0 0 3 1 3 2 2 3 0 3 3 0.11
14 0 95 0 4 31 34 19 51 38 5 2 47 14 0 32 0 33 23 2 138 4 34 0 23 0.66
5 8 0 3 20 2 12 0 1 0 17 10 3 6 3 1 14 0 6 1 14 2 0 3 16 0.45
11 7 3 10 0 11 0 0 10 2 1 3 0 3 0 3 14 2 0 13 9 1 0 1 0 0.37
0 7 0 8 13 0 0 8 0 0 2 2 1 1 12 0 0 0 0 0 11 0 4 6 4 0.29
0 3 0 9 8 3 2 13 0 0 0 1 7 7 0 6 0 3 1 4 3 14 9 18 12 0.42
0 11 0 0 15 9 9 0 0 3 0 0 10 0 19 4 0 0 8 0 7 8 0 12 14 0.43
0 0 0 0 2 3 0 0 0 0 3 0 0 4 0 0 2 0 3 4 0 0 0 2 3 0.1
7 9 0 0 6 0 7 6 0 3 3 9 0 2 4 0 7 7 0 24 5 5 1 3 1 0.38
0 7 0 0 2 17 6 1 10 7 6 9 0 9 0 10 0 0 10 0 0 5 6 2 17 0.43
93 23 44 2 0 8 39 0 0 85 48 0 50 0 0 0 22 0 1 0 30 32 37 26 4 0.54
0 0 0 0 0 0 0 0 0 1 2 2 6 0 0 0 0 4 3 0 0 6 0 0 0 0.09
0 1 13 4 19 2 0 0 0 5 10 0 0 12 3 0 0 3 7 0 12 0 0 3 0 0.31
6 15 48 0 0 0 0 32 0 37 0 40 0 0 40 0 28 28 56 19 0 35 0 139 0 0.5
5 3 2 1 5 1 0 12 2 5 0 2 1 12 10 1 3 12 6 0 5 2 2 1 10 0.38
76 0 0 39 13 30 15 32 38 0 0 59 28 48 13 0 28 52 0 3 2 57 7 0 55 0.64
3 3 0 0 0 4 0 0 0 2 0 2 0 1 3 3 0 0 0 0 0 3 0 0 4 0.11
1 9 8 0 1 2 6 0 0 0 7 10 0 3 1 4 12 3 0 4 3 2 0 4 19 0.35
0 3 6 3 6 0 0 2 6 2 0 3 0 0 0 0 0 2 0 0 0 0 0 5 4 0.16
3 3 1 8 6 3 0 5 1 9 1 0 1 7 0 0 0 13 0 1 16 0 1 9 12 0.35
0 0 1 14 10 2 2 3 3 9 1 0 3 22 2 0 3 0 17 24 0 5 10 0 2 0.38
0 10 0 2 7 0 2 0 0 1 5 0 4 3 9 8 1 7 2 22 0 1 0 3 0 0.29
0 0 0 13 3 8 0 3 0 0 5 0 12 3 0 1 10 8 4 15 0 1 5 7 2 0.35
0 0 7 4 12 0 0 0 9 9 6 0 0 12 9 0 0 19 0 17 4 0 0 0 2 0.36
2 1 0 1 3 0 0 3 0 3 3 0 3 0 1 1 0 1 4 2 0 3 4 2 1 0.15
3 0 0 1 0 0 2 0 1 2 0 0 4 4 2 2 2 0 0 1 0 0 0 0 0 0.09
0 3 0 4 3 0 0 0 0 4 2 2 0 1 0 6 4 1 2 1 2 0 6 0 0 0.16
8 3 0 10 3 0 2 3 12 0 3 0 14 7 16 0 17 5 0 0 0 5 9 0 10 0.43
0 6 0 0 1 0 4 1 5 3 0 0 0 0 0 1 0 0 1 0 0 4 0 0 0 0.1
0 20 0 4 0 0 4 0 7 0 8 0 8 0 10 0 0 0 0 1 20 5 14 8 2 0.34
14 1 9 3 1 0 0 0 6 0 1 24 0 0 0 0 0 0 2 7 4 24 4 1 7 0.3
3 10 2 8 3 0 0 9 1 0 6 6 0 0 3 5 12 18 6 0 10 6 3 0 0 0.4
7 0 2 4 0 9 0 23 2 9 0 1 2 5 14 7 6 6 4 1 6 3 22 0 11 0.45
9 23 8 3 0 0 6 3 0 3 5 0 0 6 2 3 1 7 3 0 5 5 0 9 0 0.35
0 0 2 3 3 0 1 0 2 0 5 4 3 0 0 6 0 0 5 0 0 0 0 0 3 0.14
1 1 3 18 1 23 3 1 0 6 9 1 0 6 7 9 3 4 5 11 2 1 3 0 0 0.38
7 15 3 4 4 3 10 5 0 0 0 6 0 1 9 24 0 12 0 3 0 0 6 8 1 0.4
0 2 0 2 1 0 5 0 0 0 1 0 0 1 0 1 5 3 0 0 0 0 0 1 0 0.08
3 1 11 3 10 17 0 3 7 0 0 19 1 4 0 11 0 0 2 2 0 0 1 0 0 0.3
2 0 0 3 5 0 2 4 3 3 4 0 0 3 0 3 4 2 0 0 0 0 3 0 3 0.17
4 0 0 0 0 0 0 0 1 0 2 4 0 0 6 2 0 0 3 4 0 0 6 0 3 0.14
0 2 44 0 36 112 38 40 31 0 40 45 0 0 33 0 0 22 40 0 6 34 45 16 57 0.63
9 7 20 0 5 21 13 2 1 2 1 3 3 1 4 18 22 4 0 2 5 1 0 6 4 0.43
0 0 11 0 4 2 19 0 2 5 5 2 0 0 11 1 9 8 15 0 9 0 0 2 19 0.39
13 9 5 13 3 10 3 0 10 0 0 9 3 3 3 1 7 0 6 1 0 2 0 0 6 0.4
0 19 41 0 44 11 0 10 75 8 42 55 0 0 14 37 0 0 137 0 0 0 0 0 34 0.51
0 0 3 0 12 19 9 0 10 0 0 8 0 3 4 0 0 10 0 2 3 0 4 0 3 0.31
16 3 5 14 19 0 7 11 0 8 14 0 0 0 0 2 4 1 19 11 0 10 3 11 14 0.53
39 149 0 42 13 34 30 18 25 32 5 37 28 0 23 16 0 0 16 2 35 11 117 50 0 0.74
8 0 1 0 4 0 0 0 0 0 19 8 5 1 4 8 17 5 0 0 11 3 2 1 0 0.31
0 3 1 0 3 3 0 5 0 0 0 0 1 2 3 3 0 0 0 1 0 0 4 0 0 0.11
3 10 7 3 7 4 2 13 9 1 3 20 0 2 16 3 11 3 22 0 1 3 1 3 10 0.5
39 0 14 20 0 0 0 43 0 0 0 34 0 0 35 13 0 0 0 0 0 0 0 0 0 0.28
21 1 0 2 3 5 1 2 19 1 0 0 4 3 0 5 6 14 0 3 14 2 2 0 1 0.32
6 0 3 3 5 0 22 2 9 0 0 0 0 1 2 2 0 4 7 14 5 3 3 3 5 0.33
92 0 31 52 40 0 0 51 13 50 54 58 13 0 37 33 22 0 68 35 46 5 0 35 26 0.74
0 2 3 8 0 3 0 10 16 0 0 3 2 0 0 14 13 7 3 0 0 4 3 10 15 0.39
23 12 12 7 2 1 0 1 1 0 11 0 5 22 9 0 13 0 4 5 0 0 0 16 6 0.44
5 14 7 0 7 3 24 6 2 8 0 0 6 0 0 14 2 10 3 14 14 0 3 5 8 0.5
19 31 0 47 0 27 39 33 32 16 0 32 26 0 0 2 0 35 12 13 34 29 0 0 0 0.6
6 0 2 0 0 1 4 0 0 0 0 0 0 1 4 0 1 1 0 2 0 0 0 2 4 0.11
0 0 2 6 0 0 0 12 0 7 0 0 0 14 8 2 11 0 0 0 1 0 8 2 3 0.27
1 17 0 18 0 6 7 8 0 0 11 7 6 19 2 4 12 5 10 0 2 0 1 0 9 0.47
0 0 0 0 13 0 0 0 0 0 0 0 12 0 0 7 1 10 0 4 0 0 0 12 2 0.21
0 0 11 2 2 1 8 2 12 0 2 3 17 0 11 2 2 0 13 2 6 0 10 14 0 0.4
27 0 48 0 30 14 25 86 32 33 10 80 0 17 82 34 38 0 30 0 34 40 0 0 0 0.68
21 40 48 48 0 0 36 0 21 0 54 25 51 41 0 0 55 39 0 38 14 0 39 0 0 0.6
1 1 0 0 0 0 2 0 2 1 0 2 0 0 0 0 2 1 2 1 6 0 0 0 2 0.09
6 0 0 0 0 0 2 4 1 0 0 0 4 0 2 2 0 0 0 0 0 5 0 5 0 0.12
1 1 4 0 0 0 0 0 6 0 0 4 4 0 0 2 0 0 0 0 0 4 3 0 2 0.12
0 12 0 3 3 1 0 0 0 5 0 0 0 0 12 3 5 1 0 3 3 0 0 5 0 0.2
0 0 0 3 5 3 0 3 0 0 8 7 0 16 0 7 1 14 19 15 1 0 7 4 14 0.39
7 0 0 0 12 0 10 3 0 0 0 0 0 0 18 1 4 10 10 0 10 1 0 0 0 0.3
0 0 34 82 0 18 0 0 0 0 26 40 34 34 0 42 58 32 31 26 32 51 143 0 8 0.63
0 6 0 2 2 1 3 0 0 0 2 0 0 1 0 0 2 2 0 0 0 0 1 0 2 0.09
3 14 0 0 3 3 0 15 0 0 0 2 0 9 8 0 16 0 14 1 0 0 1 2 1 0.29
0 0 1 5 8 2 1 1 0 10 10 17 0 0 6 5 4 0 0 5 0 0 9 8 11 0.38
16 10 0 0 10 0 12 7 0 4 0 0 11 10 3 0 2 3 9 8 5 0 2 5 12 0.47
20 0 39 149 0 0 0 91 31 0 47 0 0 0 0 0 118 22 0 8 0 47 9 0 39 0.46
32 0 3 32 10 35 51 0 39 0 0 21 0 44 48 48 33 7 50 41 0 51 0 0 0 0.6
0 0 0 1 0 5 2 0 3 0 0 0 0 4 0 0 2 0 4 0 3 0 0 0 0 0.09
1 2 5 0 0 0 13 0 0 0 5 11 2 0 11 12 1 0 11 6 3 0 7 0 9 0.36
21 82 0 16 40 5 0 36 42 0 0 48 23 0 0 31 35 13 31 0 38 0 75 24 6 0.64
1 3 0 1 8 2 22 0 0 19 2 16 10 1 0 2 0 1 8 0 1 3 4 4 3 0.33
3 1 0 11 1 2 16 5 20 1 22 9 3 0 0 13 3 6 8 1 10 0 0 11 2 0.46
1 7 1 11 5 0 4 14 3 19 0 1 2 7 4 0 1 0 3 10 22 4 14 4 0 0.42
1 2 0 0 1 0 2 0 1 2 0 0 6 0 0 0 0 1 0 0 2 3 0 0 0 0.08
4 10 12 1 0 0 5 11 11 3 5 10 8 1 9 17 8 0 12 0 5 0 4 0 0 0.49
6 10 4 12 0 10 6 9 2 0 0 1 9 7 4 6 13 5 0 0 0 1 0 9 0 0.43
0 0 2 1 0 0 3 0 0 0 0 2 4 0 0 3 2 0 0 0 0 0 0 2 0 0.07
0 0 0 6 6 0 3 2 6 6 5 0 6 2 1 3 0 0 0 9 17 2 23 0 22 0.34
3 0 1 2 0 2 2 0 0 0 5 2 0 0 0 0 3 2 2 0 1 4 5 0 3 0.14
105 0 0 17 0 50 73 49 11 39 11 51 27 0 0 23 0 5 0 38 130 0 16 160 17 0.66
2 4 2 7 2 0 0 1 3 1 0 14 3 8 6 0 9 3 2 0 0 1 2 0 10 0.3
9 37 36 0 0 51 12 42 30 60 32 34 36 0 68 0 1 12 0 0 0 43 12 14 33 0.68
3 0 3 6 6 6 0 3 1 3 0 1 5 3 3 0 4 9 0 10 11 11 0 0 0 0.34
3 0 4 0 6 2 3 3 0 0 5 4 0 4 4 1 0 1 0 4 0 0 1 3 3 0.2
0 5 0 10 4 10 2 1 0 0 5 1 3 6 0 14 2 5 5 10 2 0 2 5 4 0.36
10 10 7 2 6 2 0 2 0 19 1 14 5 0 0 0 0 1 3 3 0 7 14 13 0 0.39
0 0 0 1 1 3 0 0 0 3 0 0 1 3 0 2 0 0 1 1 0 0 3 0 0 0.07
17 0 0 0 9 0 0 0 0 0 6 0 0 14 0 9 0 12 1 0 2 6 0 0 10 0.29
0 0 0 0 0 0 37 4 0 0 43 33 31 7 24 0 0 0 0 20 0 30 17 0 0 0.36
0 0 2 4 6 6 0 0 0 4 0 2 1 0 0 0 0 0 0 0 0 0 0 3 3 0.12
0 26 0 5 21 11 25 40 0 36 0 0 53 0 12 40 158 47 0 0 0 0 0 14 23 0.54
0 21 0 2 6 2 0 0 1 1 0 0 8 2 6 0 0 6 2 3 4 0 1 5 4 0.25
1 0 8 2 0 1 1 9 3 8 3 5 4 1 0 19 7 0 12 12 10 2 0 0 24 0.42
0 0 12 10 6 9 14 3 4 10 1 2 3 8 0 0 0 2 0 0 2 9 8 1 0 0.39
0 0 0 2 0 3 0 4 0 3 0 2 2 0 3 0 3 0 0 3 0 0 0 1 0 0.1
5 0 3 0 0 0 0 1 0 0 0 0 0 0 0 1 0 1 0 4 1 0 0 1 2 0.07
9 7 8 0 0 7 13 3 1 0 3 4 0 2 2 0 3 0 0 11 10 1 0 5 1 0.34
3 0 0 0 0 0 0 0 0 0 3 0 0 0 0 0 6 0 0 6 0 0 0 3 0 0.08
1 2 1 1 2 0 0 0 4 2 3 0 6 0 1 1 4 0 0 2 2 6 0 1 1 0.16
1 11 12 3 0 16 7 6 0 0 3 1 4 14 0 18 5 0 14 3 1 3 5 0 0 0.4
0 0 14 152 53 34 27 9 20 28 25 28 0 29 41 41 11 0 1 46 0 0 0 41 17 0.68
0 3 2 0 0 0 0 0 2 0 4 0 0 2 2 0 2 0 0 3 0 0 0 0 1 0.08
0 0 0 0 13 1 0 8 13 0 5 2 2 2 0 1 2 3 10 0 1 24 10 1 5 0.33
0 4 0 2 0 5 2 3 15 2 3 0 0 0 0 0 7 0 0 10 2 0 1 3 5 0.23
0 1 0 0 10 10 2 0 0 7 14 0 19 0 0 12 0 0 3 10 7 0 0 3 2 0.34
8 0 10 0 14 14 3 2 8 0 0 3 0 11 3 8 1 4 0 9 0 0 1 2 10 0.4
2 0 0 0 2 0 0 0 5 0 0 0 4 3 0 10 0 7 0 0 0 0 2 3 4 0.16
18 155 13 0 0 13 0 26 21 0 0 0 87 0 0 41 30 98 0 0 38 49 6 0 3 0.51
3 3 0 4 0 0 3 5 1 0 0 1 2 0 0 1 3 0 0 0 1 0 2 0 0 0.11
53 37 0 25 0 52 29 0 16 0 13 18 39 29 37 38 0 16 37 47 30 15 0 0 46 0.72
3 1 0 2 0 0 0 0 0 0 0 2 0 1 2 0 0 2 1 2 0 0 0 3 2 0.08
6 2 9 0 10 5 1 6 0 19 0 0 0 0 0 3 9 0 0 3 0 0 0 14 7 0.32
0 0 0 42 0 0 0 0 0 0 27 21 0 20 0 51 36 0 19 33 13 0 0 0 11 0.4
1 1 1 1 2 0 0 0 2 0 1 0 0 0 0 0 0 0 0 6 0 0 0 0 3 0.07
4 5 6 2 0 0 0 1 0 0 7 0 11 0 0 3 3 3 1 0 4 0 2 10 0 0.24
1 0 1 2 1 0 0 0 3 3 4 0 3 0 3 0 1 2 1 0 0 2 3 2 0 0.12
0 32 29 17 99 39 33 48 45 25 45 2 0 0 51 0 0 112 33 14 39 37 42 27 34 0.76
2 1 0 1 0 0 3 7 7 0 7 0 8 0 0 0 11 0 4 16 0 0 0 12 0 0.28
4 2 9 12 1 9 9 4 0 9 2 0 1 17 6 2 3 1 3 3 11 0 1 6 6 0.44
3 1 0 0 3 3 2 0 6 0 0 1 0 0 9 0 14 0 11 7 0 0 11 0 9 0.29
0 1 6 0 0 0 0 0 4 4 0 0 2 3 1 3 3 0 1 0 0 0 0 0 3 0.12
3 0 3 1 3 11 0 13 1 2 4 0 2 1 12 2 1 10 9 3 4 16 3 0 0 0.36
0 2 22 1 7 19 15 10 1 0 5 7 2 4 2 1 5 0 3 0 8 11 3 2 10 0.45
28 0 0 24 12 36 19 0 35 39 0 37 25 49 0 36 4 7 0 0 45 37 91 0 25 0.64
0 0 2 1 0 0 10 2 0 8 3 0 11 0 13 0 14 8 0 1 0 1 11 0 13 0.34
0 0 0 0 0 0 2 0 3 0 0 1 3 1 1 0 5 0 3 0 3 2 0 0 0 0.09
3 1 0 13 17 0 0 0 0 0 10 0 0 0 0 17 3 1 14 3 4 0 9 19 0 0.33
0 25 15 1 40 35 56 35 0 0 2 0 26 2 0 0 37 51 21 69 2 0 0 8 0 0.5
0 0 1 0 0 0 0 0 6 0 2 5 0 0 0 5 3 0 0 0 0 4 0 0 0 0.1
24 33 13 50 49 48 11 63 1 0 39 0 22 32 47 0 35 22 12 46 0 0 0 38 29 0.72
5 4 0 6 0 1 3 2 5 8 6 2 7 0 20 2 3 20 0 3 4 1 2 2 0 0.34
0 28 125 5 32 42 0 0 0 33 0 3 0 33 49 47 0 2 0 0 55 8 0 19 20 0.51
0 3 0 0 6 2 0 0 0 4 0 0 3 0 0 6 5 0 0 2 3 0 0 0 0 0.13
34 0 5 34 3 48 45 0 39 0 0 0 0 25 1 50 0 0 9 18 38 36 0 35 0 0.51
0 11 14 0 2 5 1 1 4 9 0 7 3 5 1 10 5 18 1 24 0 23 6 5 2 0.46
0 0 7 6 2 5 2 0 3 0 0 0 10 0 3 2 0 0 0 7 0 2 9 5 8 0.28
19 21 0 33 0 0 0 0 147 28 0 0 0 36 0 0 31 54 0 0 49 38 0 0 13 0.44
19 4 10 2 0 12 11 1 12 0 1 5 0 2 6 0 11 2 3 0 6 0 0 6 1 0.39
3 0 0 0 6 4 2 6 1 0 0 0 5 2 1 2 0 6 0 0 2 0 0 0 0 0.16
0 1 0 0 1 0 0 1 0 0 5 0 0 0 0 0 4 0 0 2 0 3 3 0 3 0.09
0 4 3 0 1 7 4 2 0 0 2 3 0 6 0 3 0 0 0 0 11 6 6 1 3 0.24
32 30 19 36 37 0 46 38 41 1 0 28 40 36 0 0 36 0 7 26 13 47 33 10 8 0.74
6 8 0 0 17 14 14 8 9 5 3 0 5 6 5 0 6 8 5 0 4 14 13 2 0 0.52
0 7 0 0 6 1 3 2 8 8 2 6 3 0 3 0 0 0 6 12 3 13 0 0 0 0.31
16 10 1 2 12 8 19 6 0 1 0 4 2 6 1 0 1 10 0 4 20 6 3 6 13 0.48
4 14 3 2 0 0 0 9 11 9 5 0 2 5 5 0 2 4 1 20 4 3 10 2 2 0.4
61 0 45 0 27 0 24 0 31 0 0 11 0 0 0 0 47 11 0 22 39 31 0 0 0 0.44
3 0 0 0 3 0 0 0 0 0 0 0 5 0 3 0 0 0 0 0 0 0 0 0 0 0.05
39 10 0 28 0 0 31 17 1 0 26 42 0 0 109 30 0 20 33 0 0 0 0 49 11 0.52
0 3 5 8 7 0 6 8 0 3 1 3 0 6 1 0 3 10 0 7 4 8 0 0 6 0.35
0 0 0 4 0 0 0 0 4 0 2 0 0 3 0 0 0 0 1 3 3 4 2 0 0 0.1
0 33 0 38 0 0 0 9 43 44 47 23 0 0 0 155 57 52 22 2 0 32 0 0 32 0.52
0 8 53 35 63 0 0 40 0 35 0 0 32 9 67 0 0 0 0 0 22 0 41 0 33 0.46
0 1 1 3 3 2 1 5 1 0 0 0 1 0 0 1 0 4 0 3 3 0 0 2 1 0.12
2 0 0 0 0 0 0 4 0 0 0 1 0 0 0 1 0 0 4 3 0 3 0 0 0 0.07
3 0 13 2 7 13 2 3 13 6 0 6 8 0 6 3 3 6 22 8 5 12 7 0 15 0.53
13 6 9 1 0 3 2 0 7 3 1 0 2 0 11 0 1 14 3 4 3 10 1 6 3 0.38
0 32 23 81 0 37 31 42 20 39 0 40 0 0 48 16 12 0 27 140 0 42 32 32 0 0.68
7 2 14 1 20 0 5 0 0 4 2 2 9 10 4 1 6 0 3 21 6 23 2 5 3 0.44
0 1 14 0 5 10 2 1 7 0 5 0 7 3 10 10 0 0 1 5 2 5 2 6 1 0.37
0 55 0 78 12 0 0 23 41 37 0 0 12 35 0 37 0 12 0 46 31 34 55 35 20 0.64
10 10 0 14 2 0 10 12 14 2 5 10 0 14 3 15 14 0 12 0 3 9 14 0 5 0.59
2 4 0 0 0 0 2 0 1 0 0 0 0 2 4 3 1 0 0 0 3 4 0 6 2 0.13
34 33 0 0 0 0 0 92 40 0 0 0 0 6 0 19 0 0 15 14 0 0 23 0 51 0.38
0 5 0 4 14 6 2 1 0 0 1 1 14 6 3 0 0 0 5 4 0 0 0 0 11 0.27
19 3 24 4 0 6 3 4 17 1 6 3 3 9 0 0 2 3 13 1 21 5 1 9 0 0.45
0 26 3 2 15 0 44 0 38 0 0 3 0 0 0 0 19 4 39 0 36 75 33 3 0 0.42
0 0 3 0 2 1 3 4 4 0 0 0 0 0 2 0 0 0 0 3 0 0 0 5 5 0.12
0 29 0 0 6 11 38 2 45 0 0 39 40 0 0 0 0 9 34 36 27 33 27 0 0 0.5
12 9 0 0 0 10 0 0 0 14 0 0 1 0 0 6 1 13 0 10 0 11 9 6 2 0.37
7 1 0 3 14 0 7 8 0 0 2 10 19 0 6 0 3 6 0 1 3 3 0 7 12 0.38
36 0 34 27 0 0 40 58 36 50 38 57 8 40 0 0 15 41 0 14 0 0 119 0 0 0.59
2 6 2 0 0 0 2 1 0 1 0 0 0 0 3 0 3 0 4 0 2 0 0 2 2 0.12
0 0 0 3 1 2 10 0 3 9 0 3 0 12 0 6 0 9 0 10 3 0 0 15 3 0.32
0 0 0 0 2 1 5 3 13 0 9 2 3 0 3 4 0 3 16 0 4 5 0 10 3 0.3
10 1 0 0 1 0 4 17 0 3 2 3 0 2 19 0 2 4 3 0 2 5 7 10 0 0.31
3 3 1 0 14 9 3 2 3 3 5 5 8 11 3 4 8 2 2 0 6 0 2 14 20 0.44
6 3 0 11 10 19 14 0 1 12 13 2 9 1 12 5 1 3 1 3 0 0 0 0 0 0.42
13 26 4 41 39 35 35 0 0 0 34 13 0 0 39 0 0 0 0 36 33 15 23 48 16 0.61
0 1 0 4 13 2 1 6 12 2 1 6 11 14 23 6 0 0 16 6 2 1 5 0 9 0.44
40 34 158 0 147 19 0 0 22 0 35 46 34 0 0 104 39 11 41 0 0 0 0 55 24 0.6
0 1 5 0 0 0 0 3 6 0 2 0 1 0 12 0 14 0 0 7 1 18 20 0 4 0.28
3 15 4 0 1 3 3 9 7 0 18 22 14 5 1 7 4 2 3 2 7 9 9 1 2 0.48
0 0 32 0 0 0 82 0 42 41 34 30 18 0 0 34 33 35 0 0 0 0 0 0 0 0.4
0 2 0 10 5 1 11 18 24 10 2 1 3 6 18 8 10 9 0 1 0 3 4 3 0 0.47
3 0 3 5 14 0 12 11 2 0 6 18 0 1 6 0 0 0 4 0 0 0 3 11 1 0.33
3 0 1 6 3 0 5 5 10 1 2 1 2 1 4 11 0 0 0 1 2 2 7 0 2 0.27
0 1 6 6 1 3 1 5 0 9 16 2 0 9 4 0 8 14 0 0 3 1 15 0 5 0.37
0 0 0 0 2 0 0 1 0 0 6 0 0 0 0 0 0 3 0 0 0 3 0 0 0 0.06
5 0 2 0 0 1 5 6 0 0 0 16 8 17 4 13 9 5 2 12 0 3 6 2 5 0.41
8 3 3 23 0 5 0 23 3 1 1 0 0 5 0 4 3 4 10 0 6 0 2 0 0 0.31
0 0 0 4 0 3 0 1 0 1 0 0 0 3 0 3 1 2 0 0 0 4 2 1 0 0.1
8 0 0 0 5 0 0 14 2 0 0 0 3 2 6 10 10 9 6 0 10 11 0 7 0 0.39
19 0 18 0 0 0 15 0 13 3 4 6 0 7 0 0 4 1 0 0 9 0 0 7 11 0.36
0 8 0 6 0 1 0 2 1 0 0 0 11 10 0 1 15 0 7 0 0 0 1 0 0 0.22
0 1 0 0 16 8 8 1 4 0 10 0 0 0 1 14 0 8 0 5 18 3 0 6 3 0.35
1 0 5 1 5 0 5 2 0 0 0 1 6 0 0 4 1 0 6 2 3 14 4 0 0 0.22
3 2 2 0 4 1 0 0 0 3 0 5 3 3 3 2 0 1 4 0 0 0 3 0 6 0.17
3 3 2 0 10 0 7 6 2 1 1 0 0 7 6 10 1 8 17 3 13 0 8 2 3 0.41
0 0 17 80 32 0 47 0 0 17 40 9 11 22 0 0 0 33 48 0 0 0 14 8 17 0.54
0 0 0 0 0 0 0 0 3 2 3 2 17 0 0 0 3 2 2 0 0 0 0 9 0 0.14
0 5 0 0 0 0 0 0 0 0 2 3 3 1 6 2 3 3 3 1 2 0 0 2 0 0.14
0 2 3 4 18 1 1 14 0 5 0 2 0 2 0 6 0 20 0 0 5 2 0 14 1 0.29
2 11 9 9 21 4 12 0 14 6 3 8 21 0 11 6 19 9 1 2 16 0 0 9 3 0.6
0 18 4 5 10 2 2 9 0 2 0 0 11 3 2 0 0 2 11 7 6 0 12 0 2 0.38
2 1 13 4 6 3 3 0 10 0 6 0 2 0 0 9 0 0 0 4 0 0 3 0 11 0.29
31 81 97 0 5 0 72 29 0 31 43 148 20 0 0 0 13 0 0 27 48 0 55 0 36 0.58
0 0 47 8 30 0 0 0 0 18 17 0 0 0 6 1 16 16 23 15 55 12 0 29 0 0.5
0 3 0 0 9 0 0 0 0 0 12 3 3 4 0 1 0 2 0 7 0 0 4 0 4 0.2
0 0 5 0 0 0 0 0 0 0 0 0 2 1 0 3 2 0 2 0 1 1 0 0 0 0.06
0 56 26 42 36 20 0 0 44 16 0 0 0 33 41 48 1 2 0 0 4 126 0 25 32 0.54
13 6 18 0 1 0 2 1 4 9 0 3 24 8 4 5 3 7 14 2 9 0 10 5 0 0.47
1 3 1 0 2 0 11 5 2 23 2 0 6 0 7 5 0 9 0 0 13 8 2 3 0 0.34
4 1 0 3 0 0 0 5 0 2 0 0 0 5 0 0 0 0 1 0 0 0 0 0 3 0.09
0 0 10 0 0 0 8 4 16 0 2 4 0 9 1 7 16 1 3 0 0 0 2 13 1 0.32
0 0 3 0 1 2 0 0 5 1 0 0 3 1 0 0 4 0 0 0 2 1 3 0 0 0.1
32 111 22 0 55 0 24 33 30 35 0 14 37 0 35 23 4 20 42 0 31 36 41 0 8 0.72
90 30 0 0 19 0 0 10 49 36 0 16 40 32 42 39 0 28 31 0 36 96 19 0 6 0.66
1 1 0 3 6 4 0 3 0 0 3 5 5 3 2 0 1 0 6 5 0 1 0 0 0 0.19
3 1 0 5 6 5 5 0 0 0 0 6 4 0 0 0 3 0 0 5 2 2 0 0 0 0.18
0 0 4 0 0 1 3 6 3 2 0 0 4 0 0 2 0 0 0 2 0 0 0 0 2 0.11
3 1 0 6 2 12 2 0 7 0 5 3 0 3 14 0 0 7 1 3 0 5 3 19 1 0.32
0 0 0 0 2 0 0 3 4 0 3 4 0 0 0 0 0 0 3 0 3 0 2 4 4 0.12
41 0 0 117 0 0 22 0 0 0 49 0 40 25 32 26 21 4 3 0 151 30 1 0 3 0.48
1 8 7 0 1 0 0 0 0 10 0 1 0 0 9 0 0 12 6 5 14 0 10 6 1 0.34
0 1 0 0 0 0 0 0 0 0 0 0 0 0 3 0 2 0 3 0 0 0 4 0 0 0.05
85 39 0 28 39 0 0 0 13 35 0 48 8 33 0 1 0 11 0 31 0 35 29 0 0 0.51
0 19 0 3 10 3 7 3 2 8 9 15 3 4 1 3 3 5 1 2 0 3 0 5 0 0.37
6 3 5 1 0 1 0 0 5 0 0 1 0 0 0 1 3 0 3 3 3 0 0 1 0 0.14
0 0 0 0 6 2 0 0 0 0 0 2 2 0 0 0 3 0 0 2 1 0 3 0 0 0.08
12 0 3 7 16 0 5 5 1 22 20 0 0 5 5 0 2 0 0 7 7 5 2 8 2 0.41
0 0 0 3 0 3 0 3 0 0 0 0 0 0 5 0 0 0 3 3 3 0 4 1 0 0.11
0 3 0 4 0 0 0 4 0 1 3 0 0 0 0 0 0 1 4 0 0 6 0 0 0 0.1
0 5 5 5 11 3 7 0 0 10 2 3 17 0 0 4 22 0 0 0 2 0 0 10 10 0.38
0 3 0 0 0 0 2 0 0 0 0 0 0 3 0 0 4 3 0 0 5 4 0 4 0 0.11
10 14 0 1 0 3 1 0 0 0 0 0 0 2 0 4 2 10 5 10 4 0 3 0 8 0.29
0 68 0 34 0 144 51 0 0 0 26 0 19 0 0 0 15 26 0 28 6 0 31 33 26 0.5
0 0 19 6 0 0 15 0 0 10 1 0 0 6 3 18 0 9 3 8 3 0 0 9 3 0.36
0 0 10 0 0 0 0 5 10 0 3 9 5 3 0 8 23 9 2 0 3 2 3 0 2 0.33
13 0 12 0 2 1 22 2 0 1 9 0 5 14 2 9 0 14 5 3 2 0 4 6 6 0.42
3 8 1 4 13 0 1 3 1 0 6 2 6 10 0 6 17 4 3 13 14 14 6 0 12 0.49
0 3 0 3 0 0 1 0 1 2 0 0 0 3 2 0 0 1 0 0 0 0 0 3 0 0.07
0 30 22 0 110 0 15 0 60 32 0 1 77 0 30 2 43 49 4 31 0 37 35 36 0 0.58
2 2 0 0 0 0 0 0 2 0 2 0 1 0 0 0 1 2 0 0 0 3 0 0 1 0.06
60 0 45 0 39 0 50 38 0 0 14 14 32 34 16 0 13 0 159 6 2 40 0 0 44 0.59
0 0 2 3 0 0 2 0 0 2 3 0 0 3 0 0 3 4 3 0 0 0 0 4 1 0.12
0 0 0 13 10 0 0 0 0 0 6 0 0 0 0 8 2 13 3 1 0 0 4 3 5 0.24
36 2 50 0 32 109 30 0 28 11 0 0 11 48 28 125 36 0 11 138 0 43 0 0 37 0.64
0 5 8 4 10 3 0 1 3 2 13 0 1 7 1 2 6 3 4 6 1 0 8 0 0 0.33
0 0 1 0 0 0 0 0 3 7 13 0 0 7 5 0 14 8 2 0 2 0 2 0 0 0.22
5 5 0 1 0 9 7 0 1 11 7 0 8 4 1 1 6 0 11 0 2 1 4 8 1 0.36
0 0 0 0 0 0 0 1 6 0 2 2 0 0 0 5 0 0 0 0 0 2 4 0 3 0.09
0 0 6 35 0 150 0 0 40 0 4 142 96 34 35 34 31 32 0 30 31 37 0 4 0 0.57
0 0 0 0 0 0 0 0 0 0 0 0 0 0 0 4 0 0 2 0 6 0 0 0 0 0.04
0 26 0 0 67 0 0 0 0 23 0 31 37 33 31 0 0 0 0 0 100 0 2 23 37 0.4
4 0 0 0 0 2 0 0 2 1 0 5 0 0 0 0 0 1 0 5 0 4 1 0 0 0.1
0 13 0 8 17 0 2 0 7 0 2 0 8 8 0 11 3 0 9 3 3 10 3 3 0 0.39
0 0 0 3 0 0 0 1 3 0 1 2 0 1 0 0 0 0 0 0 0 1 4 0 0 0.06
0 3 0 0 0 12 4 0 0 41 16 0 38 0 56 14 26 7 10 0 18 46 38 142 59 0.57
0 0 49 0 0 0 35 0 41 0 37 49 0 0 39 0 22 1 0 50 33 0 0 37 0 0.4
2 0 0 1 0 0 2 1 3 0 1 0 0 4 2 0 0 0 0 0 0 0 0 0 0 0.06
44 49 0 35 8 0 20 0 0 43 0 8 1 20 47 32 15 0 35 101 6 27 39 44 33 0.69
2 4 0 0 0 0 0 0 5 0 4 0 0 0 0 0 0 0 0 0 2 3 0 1 0 0.08
41 0 0 0 38 33 101 46 22 0 21 0 89 0 0 32 45 0 0 33 0 21 0 31 32 0.56
0 0 0 0 0 0 1 3 0 0 0 2 0 6 3 0 0 3 4 0 0 0 0 0 0 0.08
0 8 15 98 17 33 0 41 3 0 0 0 0 26 36 29 57 0 20 38 19 24 0 0 0 0.56
0 0 0 21 0 35 45 36 16 0 35 0 56 33 23 0 35 91 0 0 0 28 23 0 22 0.56
3 0 3 19 10 3 4 0 0 9 2 6 1 6 10 0 3 0 8 0 9 0 0 13 0 0.38
4 22 2 0 10 0 3 10 13 2 0 2 0 9 0 4 0 3 0 1 0 0 0 7 0 0.3
78 0 35 0 50 12 34 51 0 32 35 8 17 33 31 0 0 37 0 32 44 34 17 3 45 0.72
49 30 11 34 0 0 0 3 53 0 0 24 0 0 38 5 0 43 2 0 0 30 36 40 45 0.52
1 10 0 1 0 0 17 22 17 40 13 0 36 0 17 141 4 16 0 0 42 9 0 44 0 0.54
0 41 19 31 9 34 0 0 21 11 28 31 0 0 0 0 0 33 8 0 36 0 0 21 47 0.54
0 7 4 19 0 10 0 13 0 3 15 14 5 0 0 0 1 6 2 3 10 4 4 12 10 0.47
5 0 2 7 5 0 0 8 10 3 6 0 4 9 4 3 0 0 3 12 8 5 6 7 0 0.42
1 6 2 0 1 3 8 6 4 1 0 1 0 20 6 1 3 10 3 6 8 11 3 2 2 0.38
0 22 0 42 0 45 32 60 93 0 33 0 0 0 24 0 31 11 0 0 0 0 158 41 38 0.52
1 3 0 1 8 1 0 2 2 2 1 24 2 19 0 2 0 1 0 5 0 15 0 0 0 0.24
0 0 17 5 2 0 0 1 0 3 1 9 0 0 1 9 2 12 3 0 16 3 1 0 3 0.29
1 1 0 0 1 4 0 2 4 17 6 16 2 9 0 1 0 16 0 16 0 6 4 0 3 0.33
8 0 0 0 8 1 0 0 16 9 0 4 11 2 0 1 5 0 2 0 18 0 13 10 3 0.37
0 13 3 0 0 11 8 0 10 1 8 11 12 18 4 0 0 15 0 9 3 1 0 3 1 0.44
0 0 17 2 0 0 0 6 0 5 0 0 7 0 0 0 12 1 0 5 3 0 2 1 8 0.23
2 3 0 13 1 21 9 14 5 7 0 0 1 5 16 8 2 0 1 1 3 19 6 0 21 0.45
11 0 18 17 10 0 15 1 11 1 10 8 2 0 0 1 0 2 0 12 3 2 0 11 11 0.47
0 6 54 0 0 57 0 0 46 0 0 33 27 29 31 8 0 0 0 45 41 0 13 23 35 0.53
0 0 0 0 3 2 0 0 0 4 0 0 0 0 0 0 0 1 0 3 5 0 2 1 4 0.1
10 4 1 0 1 0 0 0 2 0 3 0 13 3 12 17 2 0 1 0 8 3 1 0 1 0.27
0 3 16 0 0 0 5 4 3 3 10 0 3 1 0 2 15 6 2 7 0 0 4 14 9 0.36
14 0 14 2 9 12 0 0 9 0 0 0 0 0 0 3 4 0 0 10 7 2 0 0 0 0.3
13 8 3 3 0 5 0 2 1 0 6 2 9 3 3 5 0 0 0 3 7 3 0 7 5 0.34
0 4 0 3 23 6 5 0 4 0 1 14 14 6 7 5 0 3 0 2 4 0 4 3 13 0.38
85 34 19 0 0 44 26 14 0 35 21 48 36 0 35 0 46 36 31 5 19 34 0 18 0 0.7
3 0 1 0 4 3 0 1 0 0 5 1 14 8 9 0 19 0 0 6 0 0 2 0 1 0.25
37 24 0 0 40 37 5 0 0 18 0 0 0 0 0 0 39 31 15 13 0 12 39 23 33 0.54
21 0 2 0 2 2 4 14 4 0 22 3 2 1 6 2 0 1 20 3 2 3 5 9 12 0.4
3 10 11 10 0 10 1 0 0 0 0 10 10 14 0 1 9 0 0 0 0 3 8 6 0 0.4
39 0 48 38 0 40 40 0 9 50 6 30 0 0 0 46 16 29 37 1 7 0 27 0 5 0.59
10 4 8 1 2 0 0 1 4 21 0 0 0 0 0 3 3 3 14 0 3 11 9 3 1 0.34
4 0 35 0 35 0 47 16 26 39 28 0 0 37 0 2 83 0 12 0 32 5 0 35 0 0.52
0 0 34 0 1 35 37 46 14 37 39 0 0 0 49 19 23 0 55 21 10 0 44 0 0 0.56
3 0 0 0 4 0 0 0 0 4 2 0 0 0 1 0 0 1 1 0 0 0 0 1 0 0.06
3 2 0 5 12 3 0 1 4 0 0 13 3 1 1 5 1 7 1 0 0 0 0 5 0 0.24
0 5 27 17 0 33 0 36 0 7 68 39 28 55 0 35 51 0 6 41 41 0 76 34 0 0.63
9 0 17 2 5 24 2 5 4 5 6 5 20 3 4 0 4 11 4 4 0 0 5 17 23 0.5
0 6 0 0 2 0 0 0 0 3 0 0 0 3 0 2 0 0 4 0 0 2 2 0 5 0.11
8 0 2 8 4 0 0 10 1 10 4 0 0 0 0 0 0 10 0 1 17 9 9 1 0 0.34
7 0 0 7 0 7 1 4 1 0 7 7 0 0 3 11 0 2 0 11 12 12 0 1 0 0.34
0 6 2 0 0 1 1 0 3 0 3 4 3 3 0 0 0 1 0 0 0 0 3 0 0 0.11
0 5 1 17 2 0 4 0 10 3 0 0 0 4 8 0 0 1 12 18 3 4 4 0 0 0.31
0 0 4 0 0 0 0 3 0 0 3 0 0 0 0 0 3 2 0 0 1 0 0 3 5 0.09
0 0 3 0 0 0 0 0 3 0 0 0 3 0 0 1 0 1 6 0 1 0 0 3 0 0.08
11 4 1 16 1 14 1 0 4 0 0 5 3 17 10 6 3 12 1 1 13 0 5 4 0 0.43
0 14 11 2 3 1 4 0 13 0 21 6 4 2 10 18 3 14 2 1 1 5 1 4 1 0.43
10 3 1 1 9 7 0 0 0 1 0 9 2 6 9 2 0 12 10 1 0 6 0 0 0 0.34
2 0 0 0 0 61 35 0 35 36 7 28 0 0 7 0 28 38 0 0 0 0 49 39 0 0.42
2 2 4 1 0 5 0 0 2 0 2 10 7 0 0 0 10 1 2 0 20 6 4 2 0 0.28
5 0 2 3 1 0 3 15 0 0 0 3 8 0 10 0 10 1 0 0 13 1 0 12 12 0.34
0 0 31 17 0 45 0 0 17 7 8 39 0 0 26 27 0 0 0 83 39 0 41 33 16 0.54
23 5 2 3 6 2 8 3 5 3 0 0 3 4 13 5 6 3 7 1 5 0 9 10 6 0.46
0 38 0 14 39 7 0 35 33 0 40 0 9 0 8 40 0 0 41 0 0 15 24 10 123 0.57
8 107 0 18 39 5 44 0 37 0 0 0 15 0 0 14 14 0 0 34 40 24 0 37 109 0.57
7 7 4 0 12 2 6 11 11 8 0 10 1 0 3 0 0 0 8 6 4 0 17 0 13 0.46
3 0 1 2 10 0 14 0 1 21 1 5 0 0 9 1 1 3 1 2 12 4 8 2 0 0.33
3 0 1 3 0 3 0 3 0 0 3 0 0 0 0 0 0 0 4 0 0 0 3 3 0 0.1
2 14 0 6 3 0 2 6 0 14 0 2 4 0 0 0 7 2 0 16 5 7 6 3 4 0.35
0 0 1 1 0 0 0 0 0 0 0 6 0 3 2 0 9 0 0 0 2 0 16 0 0 0.13
7 0 5 7 3 0 0 0 2 0 1 9 0 0 3 15 3 6 0 7 0 3 1 0 7 0.29
1 15 0 0 39 0 0 41 0 0 13 0 0 0 0 34 4 16 0 17 37 23 0 63 40 0.46
48 1 0 38 21 0 26 10 29 0 8 5 6 42 11 8 10 0 0 0 0 89 0 33 0 0.55
54 11 30 52 0 13 24 0 17 38 8 0 25 0 0 0 0 0 0 17 66 0 0 0 0 0.47
3 0 1 3 0 4 4 0 13 2 5 0 11 0 0 3 10 5 0 11 8 2 0 0 5 0.34
12 1 7 0 3 5 10 10 2 0 0 0 0 1 0 4 4 0 0 0 0 2 8 0 0 0.26
10 2 0 0 2 2 12 12 2 8 7 8 3 0 0 6 13 0 3 4 3 23 13 2 0 0.44
0 35 0 25 0 0 50 48 0 15 0 0 0 96 31 142 140 34 0 35 39 51 49 19 0 0.6
8 0 0 0 0 3 2 10 0 1 1 3 0 2 0 4 0 1 1 0 8 2 1 0 0 0.18
1 0 0 33 42 0 0 31 3 0 35 0 39 29 1 0 0 0 0 9 21 5 0 9 5 0.41
37 33 0 0 5 34 39 19 0 0 0 50 46 28 0 0 10 0 67 0 14 0 40 0 54 0.54
0 2 4 2 0 1 0 0 2 9 14 10 5 2 0 0 0 8 5 0 4 2 6 1 10 0.33
0 35 45 0 0 0 47 0 19 29 34 39 41 0 0 38 0 0 29 9 38 0 0 0 12 0.51
0 0 10 0 12 5 3 0 0 0 4 0 0 8 1 10 8 10 0 0 0 1 13 13 0 0.36
17 8 4 0 0 10 0 4 14 0 4 6 0 15 0 0 10 8 12 3 0 0 0 9 6 0.44
0 0 0 0 6 0 11 8 0 2 3 0 0 0 9 2 2 1 1 1 0 11 15 13 0 0.29
0 2 1 6 16 18 6 9 3 2 6 1 0 0 10 0 16 0 0 6 0 3 16 2 6 0.41
3 0 0 0 0 0 4 3 0 0 0 0 0 0 0 0 0 0 1 0 1 0 0 0 0 0.04
1 5 0 2 0 1 3 0 1 3 6 6 2 4 4 15 5 22 0 0 4 4 11 3 4 0.35
0 0 0 3 1 0 0 0 0 0 0 0 0 6 0 1 0 0 3 0 3 0 1 3 0 0.08
0 12 13 2 8 10 2 3 8 0 0 0 0 0 3 0 9 0 0 0 0 0 10 5 2 0.32
0 11 0 0 6 0 0 1 0 16 12 0 0 0 4 0 0 0 8 0 0 5 0 0 4 0.23
0 0 0 1 0 1 3 0 6 1 6 0 0 0 0 0 0 0 0 1 0 0 0 0 2 0.08
14 0 23 60 18 0 9 0 0 48 0 10 39 32 45 0 35 0 41 11 0 0 0 38 38 0.59
11 1 0 0 9 8 14 3 0 9 3 0 1 0 5 2 0 0 6 0 3 5 4 1 9 0.35
49 11 33 0 0 44 0 0 0 34 0 0 0 0 0 0 40 69 43 25 10 42 40 31 0 0.52
4 12 2 13 0 2 1 1 8 1 0 10 2 1 5 6 0 13 8 6 10 0 0 12 10 0.46
0 0 0 1 0 0 0 2 0 0 0 3 0 4 0 2 0 0 0 0 0 0 1 3 3 0.07
0 0 5 5 0 0 0 1 1 0 0 0 0 2 2 0 3 0 1 0 2 0 0 0 0 0.08
54 8 34 28 27 24 36 34 44 14 50 34 47 37 32 46 0 0 0 13 9 0 39 0 25 0.78
3 0 3 1 0 3 0 0 1 0 1 0 0 5 0 3 1 0 4 2 5 0 1 3 2 0.15
13 1 2 4 3 3 6 12 22 18 6 3 11 15 4 2 20 0 6 6 0 4 0 4 1 0.5
1 17 0 3 0 8 0 16 0 4 3 4 3 14 2 10 0 0 0 11 15 0 9 2 6 0.42
0 2 0 1 3 7 11 0 0 0 5 5 0 0 0 4 9 3 0 1 1 2 5 8 11 0.3
2 0 1 4 0 3 0 0 2 1 0 0 0 0 3 0 0 0 4 0 2 0 0 0 0 0.08
1 4 1 3 1 4 1 10 9 0 11 0 3 1 1 3 1 0 2 2 6 2 1 8 3 0.3
2 10 1 0 2 9 0 7 1 1 6 13 8 11 0 0 2 9 1 1 2 6 1 2 2 0.37
6 12 24 3 6 19 0 0 8 3 5 3 3 0 0 3 14 1 4 1 13 0 0 1 2 0.39
0 20 35 0 47 0 26 0 10 8 0 6 24 0 37 6 22 34 2 34 14 12 0 2 0 0.57
3 6 0 0 4 6 6 0 0 3 0 2 0 0 0 3 3 0 3 4 0 5 0 5 0 0.21
0 3 0 0 0 1 0 4 3 0 0 5 0 0 0 1 0 3 0 2 0 0 5 0 0 0.1
3 0 2 0 0 0 0 0 5 2 4 7 11 10 6 0 0 7 10 0 0 9 6 0 8 0.35
0 8 4 0 12 6 1 0 0 4 3 1 15 6 0 7 16 11 2 7 14 0 11 4 0 0.45
4 0 0 0 0 0 0 7 32 0 46 0 0 0 47 16 37 0 36 33 39 22 0 127 42 0.48
0 5 3 0 0 0 0 0 3 0 0 0 1 6 0 0 0 0 3 0 0 0 3 2 0 0.1
20 0 0 18 0 24 36 0 37 0 13 31 31 21 1 46 0 3 44 0 33 27 27 0 12 0.61
0 7 2 3 0 1 1 0 11 13 0 1 1 22 2 1 10 5 0 1 6 2 2 4 2 0.32
0 3 0 0 0 9 14 18 0 0 0 0 3 10 1 15 3 2 9 1 9 0 0 0 6 0.34
55 13 35 0 0 1 20 49 0 8 45 50 0 34 31 43 0 11 6 3 46 38 36 0 0 0.63
0 0 1 0 3 0 1 3 4 1 0 0 2 0 0 2 1 0 0 0 4 0 0 1 4 0.1
0 4 3 6 9 4 0 4 9 7 2 0 3 18 9 2 1 3 3 3 0 2 0 2 0 0.34
0 10 6 7 14 5 0 0 7 0 0 0 0 0 0 2 0 8 12 0 0 2 0 6 13 0.33
0 0 2 1 2 0 0 0 0 1 0 4 0 0 3 1 1 0 1 0 0 2 0 2 0 0.08
11 0 18 0 3 0 3 2 0 1 0 0 2 0 2 1 3 0 0 7 10 0 9 0 10 0.29
0 0 3 16 8 11 0 7 10 1 8 1 2 0 13 3 0 3 11 5 8 2 0 0 0 0.4
1 4 14 3 3 3 7 4 2 0 10 8 1 0 6 4 2 0 11 0 0 1 1 5 3 0.35
0 28 0 15 40 0 0 123 88 33 39 33 40 31 136 15 47 36 0 15 0 32 0 33 46 0.72
19 1 7 0 4 0 3 20 11 0 2 6 6 3 3 2 6 0 2 6 6 2 0 5 10 0.41
29 30 0 40 0 66 0 0 41 0 38 23 1 26 26 70 22 74 23 2 0 6 80 40 0 0.63
0 20 3 0 0 2 0 3 2 0 7 3 0 2 9 0 14 10 2 3 0 4 3 6 4 0.33
0 26 0 34 15 0 21 30 48 12 0 44 38 26 30 35 153 79 0 7 0 0 0 31 0 0.62
29 31 0 35 0 0 45 0 48 4 12 55 25 0 0 27 0 31 0 0 40 33 47 18 35 0.61
0 0 14 5 4 3 23 0 10 2 2 1 11 4 2 0 1 3 0 5 3 7 3 21 6 0.4
1 0 2 0 0 0 0 0 2 3 0 0 1 2 0 0 0 0 2 2 1 0 0 6 0 0.08
22 0 28 0 34 25 1 39 4 3 47 38 33 0 21 29 2 0 76 34 27 0 24 9 10 0.67
6 0 4 3 4 5 2 2 0 0 3 2 4 0 0 0 3 0 1 6 2 0 2 0 0 0.19
0 10 1 1 1 2 0 11 3 0 0 8 0 2 0 3 6 4 0 0 5 0 0 3 0 0.23
8 105 24 31 33 35 0 0 0 28 34 0 0 23 0 0 0 0 2 0 7 40 0 32 0 0.46
4 0 0 0 0 0 3 0 1 0 0 0 1 0 0 0 0 2 3 3 3 0 0 0 0 0.08
0 0 0 3 0 3 0 0 0 0 2 0 0 0 0 1 0 0 0 0 0 0 5 0 3 0.06
21 0 7 1 6 2 5 3 0 9 0 0 1 0 0 5 2 1 5 1 2 5 6 2 23 0.33
7 9 5 0 0 6 1 9 3 11 9 0 13 1 0 17 0 9 2 10 4 4 1 0 7 0.46
0 0 0 0 0 0 0 0 0 2 0 0 0 0 0 1 2 3 0 0 3 2 0 3 0 0.06
0 0 0 18 23 0 54 0 47 23 101 0 20 71 45 22 38 51 21 11 114 0 9 6 34 0.7
0 0 5 0 0 9 3 3 6 0 4 0 1 5 0 7 0 0 2 2 4 2 1 5 0 0.23
0 12 1 5 2 6 8 10 0 0 0 12 2 1 6 0 9 0 10 3 0 0 2 3 8 0.38
19 0 8 0 0 5 0 5 32 0 0 0 24 7 0 122 63 0 0 40 32 0 79 76 19 0.5
2 0 0 0 3 0 1 3 0 0 0 0 0 0 2 0 0 1 0 0 0 0 3 5 0 0.08
7 0 0 0 0 0 2 0 3 6 11 3 2 1 9 4 1 0 10 0 16 9 3 4 18 0.37
0 49 0 32 3 38 0 21 37 33 25 20 36 0 48 0 7 0 0 84 0 0 0 0 0 0.48
34 14 36 19 39 3 17 0 46 0 0 33 0 81 0 26 0 0 0 32 0 51 14 20 17 0.61
1 23 8 12 5 3 10 0 5 0 1 6 0 0 4 2 7 8 0 0 9 3 14 5 4 0.44
4 0 3 0 2 0 7 0 0 0 3 9 9 3 10 0 10 0 13 2 0 4 3 1 0 0.32
32 13 63 88 0 44 38 33 0 20 74 0 11 0 0 35 32 37 0 0 0 0 36 0 88 0.6
4 2 1 10 6 1 8 0 22 1 3 5 8 11 1 8 3 2 24 7 0 0 13 6 1 0.46
3 0 9 0 0 2 1 0 0 2 5 7 3 0 1 8 0 3 3 2 0 0 10 9 0 0.27
3 0 0 1 0 3 0 0 0 0 1 5 1 1 2 0 0 0 0 0 0 0 2 0 0 0.07
3 1 0 0 0 9 0 7 1 0 1 0 0 0 0 0 1 7 8 1 4 0 10 1 0 0.21
0 0 0 0 2 0 0 0 0 0 0 0 2 3 0 3 1 0 0 3 6 0 0 3 0 0.09
146 0 0 0 72 3 21 0 0 43 16 9 36 31 0 0 23 51 8 0 47 47 49 0 0 0.56
92 0 0 0 34 33 0 0 0 58 51 117 38 31 25 0 31 18 35 0 0 9 36 34 34 0.63
4 13 12 0 0 3 10 0 5 5 2 0 3 5 14 0 0 9 4 2 20 4 8 2 4 0.44
0 0 0 3 0 5 0 0 0 0 0 2 0 0 4 0 0 1 3 0 0 0 0 0 0 0.07
1 7 0 4 7 6 1 1 0 0 2 3 0 0 7 0 0 2 0 3 0 2 0 0 0 0.18
0 0 0 4 6 0 6 0 0 0 0 2 0 0 1 0 0 1 2 0 0 0 0 0 0 0.08
5 0 6 10 0 7 4 1 1 9 8 0 1 17 3 0 23 0 17 17 4 1 0 0 4 0.41
2 1 4 10 4 4 5 6 8 2 0 1 16 3 17 3 2 2 2 0 11 2 0 0 3 0.37
4 2 0 2 0 3 3 7 0 2 8 13 0 14 7 7 12 12 0 0 9 0 0 12 5 0.43
0 0 14 34 5 130 10 0 43 0 0 11 0 0 50 0 36 0 0 35 101 0 37 20 12 0.54
0 12 0 0 2 7 0 0 4 8 0 1 2 0 11 3 2 7 2 0 0 3 0 0 16 0.28
10 0 0 1 3 1 0 14 6 9 11 1 0 0 8 0 2 1 0 3 15 0 1 1 0 0.3
3 0 0 0 0 2 6 3 2 0 0 0 2 0 0 0 3 0 0 0 3 3 0 2 5 0.13
0 0 2 0 0 0 3 0 5 5 0 9 3 11 9 7 3 0 4 0 2 2 2 0 1 0.26
0 2 0 8 10 12 2 0 0 0 8 3 0 0 0 4 0 1 10 0 0 0 7 0 16 0.3
2 11 0 3 0 1 4 13 6 0 7 2 13 3 7 6 2 1 6 13 4 0 8 0 0 0.4
33 33 40 0 0 4 0 0 0 0 0 103 0 0 15 0 39 60 0 0 39 0 0 37 6 0.4
0 0 25 13 10 18 33 0 0 10 9 1 38 14 35 43 0 0 0 38 0 32 7 0 28 0.58
18 45 46 0 44 35 39 0 18 0 42 30 4 0 33 33 11 0 21 0 34 0 33 7 49 0.68
0 0 1 0 3 3 3 0 0 2 1 0 0 0 2 2 3 2 0 0 0 0 0 0 0 0.08
3 12 2 7 18 2 1 21 13 3 1 1 0 9 5 13 9 0 13 0 2 1 3 13 0 0.47
0 1 0 0 0 0 2 0 1 0 0 3 1 1 2 0 0 0 0 0 0 4 0 0 0 0.06
5 13 19 10 9 3 2 10 1 10 1 0 0 0 0 0 2 3 23 3 3 0 0 7 8 0.42
0 0 0 0 0 0 0 1 0 1 1 3 4 0 5 2 0 1 5 5 0 0 0 2 3 0.13
0 2 0 0 5 0 3 0 0 0 2 0 0 0 2 0 3 1 0 0 1 0 4 0 3 0.1
9 1 1 11 8 0 10 0 0 4 2 3 0 9 0 0 0 3 10 17 0 0 2 6 8 0.38
0 3 4 0 2 2 0 0 0 0 0 0 2 3 0 0 5 0 2 0 1 2 0 2 0 0.11
0 26 34 59 2 38 38 31 0 0 17 40 49 0 44 33 26 0 0 41 0 51 58 90 32 0.68
2 0 0 2 0 0 1 0 2 3 0 3 1 4 2 0 0 0 0 0 0 3 2 0 0 0.1
0 36 0 0 11 0 0 0 0 15 70 5 0 48 39 0 0 0 0 38 0 40 0 33 34 0.42
0 0 14 14 9 0 5 5 0 0 15 2 0 12 2 0 0 3 7 0 1 0 10 9 0 0.37
3 0 0 0 0 3 2 4 0 0 2 10 0 22 16 4 0 12 1 10 15 3 17 0 0 0.36
0 2 1 1 0 13 1 2 0 2 3 0 0 0 15 0 2 8 15 0 15 11 3 19 0 0.34
32 50 0 26 0 8 49 8 32 23 0 0 35 26 17 0 35 5 40 0 36 30 0 0 0 0.6
0 0 33 0 0 0 0 32 36 0 28 48 116 0 0 90 34 17 28 44 32 0 1 0 124 0.52
0 5 0 4 1 0 0 3 0 0 2 1 0 3 5 0 0 0 1 0 3 0 0 2 0 0.12
57 0 76 18 32 0 2 4 21 0 0 27 33 18 28 25 0 32 53 0 34 0 97 36 37 0.66
5 0 0 1 6 0 4 0 0 0 0 0 2 0 6 0 0 0 1 5 0 0 6 0 0 0.14
0 0 15 1 0 5 12 0 7 3 7 3 10 9 0 0 0 8 1 0 7 0 0 0 0 0.32
0 2 12 1 0 6 0 4 0 0 0 0 0 0 0 0 3 3 8 10 0 0 0 0 0 0.18
4 5 5 23 6 8 14 0 8 3 0 8 0 14 10 0 3 14 0 0 2 1 8 3 0 0.45
0 0 9 3 0 0 5 1 0 6 14 1 3 19 9 5 3 0 0 0 4 0 0 3 11 0.32
1 1 13 14 1 7 9 15 0 2 1 6 14 0 7 2 3 0 0 11 11 3 13 0 6 0.47
0 0 0 0 2 0 0 2 0 0 2 0 0 0 0 4 0 0 1 0 2 0 0 1 2 0.06
0 0 0 0 0 69 25 11 0 0 26 0 34 27 2 40 0 19 48 40 85 40 25 30 0 0.56
0 0 8 0 2 0 1 5 1 0 0 1 9 5 3 10 0 1 2 24 1 0 1 6 3 0.27
0 0 5 1 1 5 5 1 0 22 11 2 5 1 0 0 8 5 1 0 0 9 6 2 4 0.32
26 41 50 0 0 0 0 34 0 29 28 45 37 0 39 34 42 51 8 22 3 5 0 0 19 0.62
0 1 0 9 6 3 7 1 4 11 9 17 0 9 3 2 15 21 6 19 0 0 7 7 2 0.5
5 3 0 0 2 1 0 0 0 0 1 0 0 2 0 0 0 0 0 1 0 2 0 0 0 0.06
0 33 10 23 0 32 0 0 105 55 34 14 159 37 31 47 0 0 23 0 9 0 32 40 30 0.67
0 0 0 0 0 31 31 0 0 23 32 0 0 33 0 40 0 0 145 0 160 32 5 14 126 0.46
0 0 0 17 0 0 2 0 0 0 2 15 0 0 0 11 14 1 0 8 3 12 0 0 0 0.26
2 0 6 0 0 0 0 0 3 0 4 1 1 0 0 0 1 0 0 0 0 0 0 4 0 0.08
2 3 7 0 0 0 0 2 6 0 13 0 0 7 0 8 7 10 11 16 7 0 15 14 3 0.44
0 0 14 1 0 1 13 0 9 1 15 11 1 0 0 3 0 2 0 3 0 0 13 4 14 0.34
0 3 7 0 7 0 8 1 10 0 19 0 10 1 2 0 5 0 6 12 0 8 3 0 1 0.36
3 0 0 0 15 3 0 0 0 0 0 0 1 0 14 0 9 0 1 0 1 11 16 0 0 0.23
11 0 24 0 0 57 0 33 8 0 34 21 3 40 106 35 31 0 49 11 0 0 0 0 40 0.56
22 21 0 45 0 147 18 0 0 23 17 10 0 42 54 51 0 0 23 0 34 156 31 0 38 0.64
6 2 5 8 6 16 4 1 19 0 5 6 8 7 0 0 2 12 1 5 2 0 11 5 0 0.45
0 0 0 0 2 8 13 1 2 13 5 0 1 3 2 0 0 3 0 0 3 0 1 9 4 0.25
0 45 0 0 30 0 135 12 43 0 0 45 0 45 35 0 12 2 0 12 37 119 0 44 28 0.56
0 4 3 0 15 6 0 0 0 0 5 0 7 8 0 3 0 19 8 7 4 10 1 0 13 0.38
2 0 1 0 0 0 3 0 3 3 6 0 0 0 0 0 3 0 0 0 0 4 0 0 3 0.11
31 0 47 15 41 16 29 37 17 35 147 0 0 5 49 38 0 0 0 0 0 0 0 24 77 0.58
5 0 35 15 0 12 0 0 32 31 0 0 31 0 0 0 46 0 0 0 31 0 40 0 14 0.42
9 1 10 0 0 12 0 6 12 19 11 0 3 0 2 1 0 13 0 6 3 0 0 5 19 0.42
4 0 0 0 0 0 2 1 0 2 0 2 0 4 0 1 3 4 1 0 0 0 0 0 2 0.1
0 2 5 3 0 2 0 0 0 0 2 5 0 0 4 0 0 5 0 0 0 1 5 2 2 0.15
5 0 0 0 0 6 0 0 0 0 1 0 7 0 4 0 9 3 0 3 0 0 0 0 1 0.15
2 1 0 5 3 0 0 2 1 0 3 0 0 3 0 4 0 4 3 4 5 1 0 1 0 0.16
0 1 0 0 0 1 1 0 2 0 0 1 3 0 0 0 0 0 0 0 2 3 4 4 0 0.08
0 0 0 3 1 0 1 1 0 0 0 0 0 0 4 6 0 1 0 0 0 0 2 3 0 0.08
13 50 27 36 85 19 0 0 0 14 39 19 36 0 0 28 41 34 15 0 0 0 0 0 48 0.6
49 0 0 32 23 38 39 0 0 0 36 0 0 6 0 38 14 46 50 17 23 3 38 13 21 0.63
0 11 11 0 11 8 0 2 0 0 11 1 0 4 0 1 2 1 0 12 0 1 10 0 4 0.33
3 2 0 5 9 4 0 0 0 0 0 0 0 12 13 14 0 10 0 3 7 10 8 5 1 0.38
44 32 32 0 0 15 0 17 51 18 3 0 39 84 40 156 4 40 0 3 147 0 8 20 0 0.63
0 2 3 0 0 0 0 5 0 5 0 0 0 2 0 0 0 4 0 2 0 0 4 2 4 0.13
0 0 0 32 28 157 0 33 0 0 11 0 0 38 51 40 0 0 37 0 0 0 54 68 27 0.48
2 19 2 1 0 0 0 4 12 0 0 0 0 16 3 1 0 2 0 0 6 1 3 0 0 0.21
0 34 0 38 38 0 0 144 28 0 40 59 0 0 51 19 32 40 0 0 25 0 7 0 6 0.53
6 4 2 18 3 3 6 0 18 14 13 3 5 10 13 16 0 4 0 6 17 12 0 0 0 0.52
23 3 2 2 8 3 0 1 22 3 6 14 0 0 4 1 9 10 14 3 4 0 12 3 11 0.48
0 0 0 3 2 0 2 0 0 0 2 1 0 0 0 0 0 0 0 0 0 0 4 0 0 0.05
2 0 0 2 0 0 0 0 0 9 1 7 10 0 12 6 0 3 0 3 1 4 0 3 0 0.24
5 3 0 0 0 11 10 15 5 13 0 9 2 2 3 14 0 0 9 0 0 3 0 3 12 0.41
0 0 0 0 0 4 0 0 0 0 2 5 2 3 3 0 5 2 0 0 0 1 0 0 0 0.1
0 19 31 19 0 39 0 43 0 33 30 44 0 35 0 14 12 0 0 0 141 0 19 0 32 0.56
20 3 3 0 2 0 0 5 1 1 1 0 9 6 0 3 11 0 4 0 13 2 4 0 3 0.3
0 1 17 4 1 0 4 0 2 1 4 0 0 9 0 2 2 3 1 0 2 8 20 5 10 0.31
2 0 0 0 9 0 13 11 2 0 0 18 11 0 8 0 0 0 2 6 5 0 5 16 13 0.39
1 7 9 1 2 0 9 0 21 0 1 0 0 12 15 0 10 3 4 3 0 2 3 20 0 0.38
0 45 0 6 0 33 0 12 50 28 33 0 0 3 42 39 32 33 44 23 26 0 0 0 36 0.59
0 2 4 3 0 6 0 2 2 0 6 0 0 3 0 0 4 0 0 1 6 0 0 0 0 0.15
0 84 58 0 10 42 0 11 0 41 19 0 0 13 49 0 26 0 23 0 29 2 0 0 30 0.52
10 11 9 2 6 7 4 20 11 0 13 4 0 7 2 2 3 17 1 15 10 2 0 0 8 0.54
0 3 0 3 2 5 5 1 3 12 0 0 15 10 5 2 3 3 1 1 3 8 3 0 6 0.34
43 0 0 36 0 30 0 33 37 70 94 33 0 31 2 0 0 40 47 22 50 12 49 23 0 0.64
8 0 8 0 8 0 5 6 0 0 13 14 1 13 0 0 0 0 16 0 0 0 0 0 5 0.32
0 7 3 0 15 3 2 16 1 0 0 1 0 0 17 4 0 3 2 9 2 5 5 0 0 0.3
0 1 0 3 1 6 0 0 0 3 3 0 2 1 1 0 1 2 4 1 0 1 4 0 0 0.13
0 30 0 36 1 0 1 45 0 0 49 0 37 7 34 4 0 27 19 73 0 0 43 0 18 0.49
0 3 54 32 0 38 34 122 0 37 42 43 33 32 29 16 41 33 38 0 0 3 26 31 0 0.7
4 0 0 16 0 1 9 0 5 3 0 3 0 0 0 17 5 0 4 0 9 13 7 7 8 0.38
0 0 0 0 0 1 0 5 1 0 0 0 1 0 0 1 1 0 0 3 2 2 3 3 1 0.09
48 41 10 17 0 32 38 48 0 24 0 41 4 0 0 0 0 0 52 0 26 0 77 8 34 0.56
0 0 2 0 0 0 0 0 0 3 0 3 0 0 0 0 0 2 3 0 0 2 2 2 0 0.07
0 0 0 0 0 0 0 0 0 0 1 2 0 0 1 1 0 0 0 0 1 3 0 2 0 0.04
1 19 0 6 0 0 3 1 0 0 2 2 0 14 12 5 4 12 5 0 4 13 0 0 0 0.33
13 3 2 0 0 2 0 2 8 0 4 14 6 14 0 6 2 7 0 0 14 1 0 24 7 0.39
4 0 0 0 0 0 7 0 14 1 8 5 14 8 1 0 9 6 0 14 24 20 1 9 2 0.44
0 0 12 9 1 0 0 5 9 14 2 11 0 2 1 2 10 1 3 0 0 7 0 0 7 0.35
0 0 11 5 0 0 5 14 13 20 6 1 8 6 2 0 16 8 7 0 11 8 1 0 13 0.5
5 3 0 13 9 0 10 10 9 10 10 11 0 4 0 7 0 6 8 3 0 1 14 5 0 0.52
0 0 0 2 5 0 0 5 5 15 0 0 0 12 0 16 11 0 4 6 15 1 0 3 9 0.36
3 0 3 2 0 0 0 0 1 1 0 3 2 0 0 0 3 0 0 0 0 0 0 1 0 0.07
0 0 0 1 0 0 0 1 0 0 0 4 0 0 0 4 0 0 0 5 0 1 3 0 0 0.07
0 3 0 0 2 1 0 0 2 0 0 6 0 1 0 0 3 3 0 3 0 0 0 0 2 0.1
2 0 2 6 0 14 1 7 0 10 0 14 2 0 3 3 5 2 0 0 0 2 6 0 0 0.28
1 4 2 20 2 2 5 6 0 4 21 0 8 22 3 3 9 21 0 19 6 0 1 13 5 0.48
36 0 38 0 2 150 35 8 0 0 0 31 0 0 0 27 50 0 62 0 31 17 0 37 30 0.52
17 2 3 0 2 0 9 1 8 6 7 14 6 0 0 11 9 7 0 0 0 13 4 0 3 0.42
4 2 6 9 8 10 0 18 17 1 6 2 6 0 0 16 0 3 0 1 5 10 0 7 0 0.43
4 0 0 10 60 0 59 14 53 0 0 0 36 0 11 14 70 36 27 26 44 0 31 0 37 0.61
0 3 0 0 0 4 2 0 0 0 4 0 4 2 0 0 0 2 0 3 0 3 4 0 3 0.13
6 0 0 0 0 0 0 0 0 0 4 0 10 1 2 0 7 13 17 0 9 1 12 10 0 0.32
9 0 0 9 0 0 2 5 0 0 3 0 3 0 1 15 3 10 6 6 3 7 1 0 0 0.31
36 41 36 0 10 34 1 0 27 0 0 0 30 0 41 14 49 0 3 0 0 0 65 27 48 0.53
15 48 48 0 0 42 29 44 0 24 17 60 0 70 34 0 42 0 0 0 17 0 3 33 44 0.61
0 4 0 3 0 5 0 0 0 0 3 9 0 2 19 11 0 0 9 0 2 4 0 22 12 0.32
41 0 0 10 14 0 10 15 1 21 14 0 51 36 8 15 10 40 33 16 36 31 0 47 9 0.75
24 0 66 5 6 35 0 24 39 0 14 0 30 0 44 10 6 30 42 36 16 27 7 0 77 0.69
8 2 10 22 9 10 6 3 6 2 21 19 0 1 0 1 2 2 0 2 8 0 1 9 0 0.44
0 0 0 0 0 0 0 40 0 42 64 35 0 0 0 46 34 7 46 105 25 0 0 0 0 0.38
6 2 0 3 0 3 6 4 5 0 5 0 0 0 0 0 0 3 11 3 8 0 8 0 0 0.26
0 11 1 7 6 8 1 0 5 0 1 0 16 5 2 5 8 1 3 10 3 6 8 19 3 0.45
8 3 0 4 11 1 0 0 0 0 0 12 5 10 11 5 19 8 0 2 22 4 23 5 1 0.46
0 3 0 0 0 0 0 0 1 0 0 0 0 2 0 2 0 6 3 0 3 0 0 0 3 0.09
0 0 0 39 0 0 33 44 0 0 0 15 32 39 41 16 6 38 5 0 35 6 22 20 0 0.54
0 0 0 10 14 0 7 6 1 13 9 0 2 7 0 4 6 9 1 18 2 0 0 10 0 0.41
18 3 9 3 8 8 2 1 0 0 2 3 0 4 1 12 3 0 0 0 0 0 0 0 1 0.27
0 3 0 1 2 6 11 1 0 0 0 8 8 0 5 2 2 0 0 9 7 0 14 0 0 0.29
9 13 24 3 18 10 6 3 7 14 3 3 0 9 3 0 6 2 5 6 0 10 4 3 1 0.53
0 0 38 0 34 36 20 7 0 21 0 36 0 0 17 0 21 34 28 3 41 20 0 33 40 0.6
0 0 0 10 0 0 18 0 12 9 9 3 2 0 19 1 2 1 0 0 0 3 0 9 2 0.32
0 5 15 29 25 0 25 4 39 31 40 48 0 38 0 9 0 40 17 33 0 39 0 71 12 0.67
12 22 2 0 7 1 2 0 6 19 2 0 2 0 3 10 0 6 2 0 3 0 0 0 0 0.3
51 0 30 0 0 0 0 0 0 0 0 7 20 0 1 34 0 11 117 33 19 0 42 0 23 0.43
33 39 41 0 0 30 34 47 0 0 0 0 0 21 56 58 30 0 0 27 9 0 0 0 27 0.51
0 33 0 53 0 53 0 58 3 14 47 60 32 37 37 12 0 9 30 69 0 0 0 24 0 0.6
0 9 2 3 3 1 7 11 2 13 0 9 5 6 0 5 0 0 0 7 1 0 5 0 3 0.35
1 0 6 3 1 2 0 0 0 0 0 0 2 0 0 1 0 2 2 3 0 0 2 3 0 0.11
3 0 0 3 1 0 7 10 3 0 22 9 0 14 4 0 6 2 12 2 5 0 0 17 1 0.38
0 0 2 3 1 2 0 0 0 3 5 0 0 0 3 0 0 3 2 4 6 0 0 0 3 0.14
38 33 7 0 4 39 0 72 38 45 52 0 0 24 0 27 45 0 42 35 0 0 0 0 35 0.56
0 0 8 1 0 12 0 9 3 0 1 0 10 0 7 3 0 5 1 0 0 4 0 1 0 0.25
9 0 4 10 6 6 0 1 6 17 0 0 7 2 0 3 0 11 0 12 12 14 0 0 0 0.41
0 0 0 0 0 3 4 4 0 4 0 0 0 1 0 3 0 0 6 0 0 1 0 0 3 0.11
0 0 3 2 0 0 3 0 0 1 0 0 0 0 6 0 2 0 3 0 3 1 0 0 3 0.1
12 4 0 2 7 0 1 5 5 5 6 8 0 17 9 1 6 8 1 3 0 1 0 6 11 0.43
3 0 3 0 3 6 6 11 0 13 8 14 1 9 2 1 3 0 0 0 7 0 2 0 8 0.36
7 0 2 9 5 7 0 1 0 0 4 0 16 1 0 0 0 0 10 0 0 14 0 3 18 0.31
34 0 0 0 19 36 16 21 0 21 0 39 53 21 4 37 46 0 38 28 33 13 0 0 14 0.65
23 0 0 0 0 0 8 0 32 39 0 15 0 0 18 109 0 22 40 44 0 36 21 0 0 0.47
0 2 3 0 0 0 2 0 1 1 0 5 0 4 5 2 1 0 3 0 1 0 0 0 0 0.12
0 0 0 19 0 0 1 2 2 10 10 16 0 15 10 2 0 0 3 0 0 6 7 3 4 0.36
2 0 0 0 0 1 3 1 2 0 2 3 3 0 0 0 0 0 0 0 0 0 0 0 0 0.06
36 40 0 0 0 25 48 0 36 20 0 0 0 0 36 0 26 48 31 33 42 0 27 31 0 0.56
3 0 3 0 0 0 0 0 3 0 0 0 0 0 0 0 0 1 2 4 3 0 0 1 0 0.08
5 45 45 0 0 0 0 0 39 0 29 0 0 10 0 0 0 45 0 100 66 39 0 31 23 0.46
3 3 0 0 0 0 0 0 0 0 0 3 0 1 0 0 0 0 0 1 4 2 0 0 0 0.06
0 7 0 3 10 3 6 0 4 17 17 0 0 0 5 10 2 1 7 13 0 1 7 0 2 0.39
1 0 3 0 0 0 0 3 0 3 0 0 0 0 6 4 0 0 0 1 0 2 5 0 0 0.11
0 51 30 41 11 33 40 36 39 0 25 0 23 47 0 19 133 0 0 0 11 0 0 0 4 0.57
6 0 5 2 2 0 6 0 0 2 0 0 0 0 2 0 0 0 0 2 0 3 0 0 0 0.12
0 0 3 0 0 9 5 17 7 13 4 0 0 0 0 0 14 0 0 0 8 7 4 2 0 0.31
2 6 0 0 0 0 0 10 0 0 0 0 0 0 0 0 0 9 3 0 0 5 0 0 13 0.18
0 4 0 3 0 3 0 2 0 0 1 0 3 2 0 4 3 2 0 3 0 0 0 0 0 0.12
0 2 0 7 0 2 0 0 13 10 0 5 2 16 9 0 3 6 9 4 18 0 0 0 5 0.37
16 29 0 31 6 0 0 3 40 22 24 0 0 0 36 0 0 11 11 0 0 31 0 4 13 0.49
1 8 3 15 5 0 5 2 2 10 0 8 0 0 8 5 0 16 0 12 7 14 0 6 0 0.43
2 3 0 2 0 2 2 6 20 0 0 0 8 0 1 13 3 12 0 0 0 10 1 3 4 0.3
22 24 0 2 0 4 9 6 2 3 5 0 5 16 5 0 11 6 0 0 0 0 0 0 9 0.38
2 3 0 0 3 0 4 0 0 0 0 3 1 0 0 0 0 0 3 0 1 0 0 4 0 0.09
3 0 0 0 3 0 2 3 0 0 1 0 0 0 0 0 0 0 0 0 0 3 0 3 4 0.08
2 3 1 0 3 0 4 0 0 3 2 0 3 0 0 0 0 0 1 1 2 0 0 0 0 0.1
0 0 0 14 6 2 3 3 3 0 3 0 0 0 1 1 1 0 0 9 0 5 2 1 6 0.22
0 4 0 3 2 0 0 1 0 1 0 1 0 0 0 0 2 0 6 4 0 3 1 2 0 0.12
0 3 1 1 0 1 0 0 0 0 0 0 0 0 1 0 0 6 0 0 0 0 0 0 6 0.07
7 0 2 0 1 0 3 2 6 5 3 3 0 3 13 0 18 0 8 14 0 0 0 14 1 0.33
0 28 0 22 9 46 79 0 0 44 0 0 0 31 0 0 33 0 38 40 113 0 33 0 0 0.47
0 40 0 38 41 35 0 0 42 0 31 15 0 0 0 0 29 6 0 75 0 0 0 0 24 0.42
6 35 0 20 0 0 0 0 0 5 33 40 20 33 0 0 46 28 0 38 22 0 41 0 33 0.52
23 0 26 36 129 4 0 31 0 36 4 0 42 0 43 131 43 35 0 95 35 43 25 0 24 0.67
0 33 39 0 25 0 0 33 4 22 0 2 12 31 0 0 20 0 0 0 39 37 0 39 93 0.5
6 12 35 4 39 0 0 0 0 44 0 0 31 0 37 11 104 0 27 35 0 52 26 0 0 0.52
6 2 0 3 0 3 0 11 0 0 11 12 1 0 10 0 6 4 0 8 11 6 7 0 3 0.39
0 0 34 42 0 21 6 0 28 36 32 25 23 0 0 0 24 24 38 151 0 24 35 0 0 0.58
8 14 1 6 4 0 0 5 3 1 11 5 2 4 0 1 13 4 0 0 0 15 11 0 2 0.38
2 0 8 0 1 2 0 13 3 3 5 10 0 5 1 11 2 2 24 20 22 0 1 2 18 0.42
0 0 3 0 0 0 0 0 2 0 1 0 1 0 0 3 3 0 0 3 0 1 3 1 0 0.08
0 1 1 2 0 0 0 0 1 3 0 4 0 3 0 0 0 0 0 1 0 0 0 0 1 0.06
125 152 18 0 0 0 0 9 43 0 46 43 29 0 0 0 0 0 0 0 0 23 30 58 12 0.47
1 2 4 4 0 6 11 4 12 10 20 0 3 1 0 1 2 5 0 0 13 6 9 2 11 0.43
2 0 14 5 7 0 0 2 0 0 0 4 9 3 0 0 0 11 10 15 4 5 3 7 0 0.36
1 0 0 1 6 0 0 0 6 0 6 0 0 1 0 5 4 0 0 0 0 0 0 0 1 0.12
3 0 0 0 0 0 0 0 0 2 0 0 0 0 1 0 0 0 0 0 2 0 0 0 0 0.03
2 3 3 5 13 0 17 6 2 0 7 5 19 4 0 2 13 6 3 10 0 11 3 2 0 0.45
0 6 0 22 6 0 22 3 0 1 10 7 0 0 3 3 1 2 0 6 9 0 9 4 5 0.38
35 10 0 0 35 0 0 0 34 2 37 0 33 48 0 0 76 0 7 0 0 32 8 0 36 0.46
8 0 1 0 3 0 2 10 0 8 3 0 2 1 8 5 6 0 1 17 5 3 8 0 0 0.33
1 10 3 2 6 2 0 2 4 0 1 6 1 2 1 12 14 6 12 0 3 0 8 14 2 0.4
0 0 38 33 21 34 0 160 0 42 0 0 0 0 34 0 37 23 6 0 44 4 25 6 80 0.54
0 0 3 0 0 0 0 3 0 2 5 0 0 1 3 14 6 11 1 1 9 5 0 4 18 0.29
0 2 0 0 3 0 0 0 0 0 0 0 3 0 0 1 0 0 3 0 0 3 3 4 0 0.08
13 3 6 12 4 10 20 2 7 9 20 0 0 3 3 0 7 0 8 10 0 24 2 0 8 0.52
0 0 0 0 0 2 3 0 3 2 0 5 6 2 0 3 2 6 0 1 3 0 2 0 1 0.16
0 0 10 0 3 8 11 0 4 5 0 0 0 2 0 11 0 0 6 0 0 14 0 0 0 0.27
4 2 1 0 0 2 3 0 0 2 2 0 5 0 0 3 4 2 0 5 3 0 1 4 1 0.17
0 1 0 3 0 0 0 0 13 0 0 2 0 2 7 6 12 1 3 4 14 0 9 7 2 0.3
4 0 0 2 0 0 2 3 1 0 1 1 1 0 0 2 0 0 2 2 0 0 1 0 0 0.08
3 0 5 8 4 3 4 0 4 4 0 7 11 0 2 20 6 6 1 10 18 2 0 3 0 0.4
0 0 0 0 0 3 0 0 0 2 6 2 0 0 0 2 0 0 2 0 0 0 3 0 0 0.08
0 0 0 74 36 33 0 17 0 18 29 1 22 0 0 3 41 36 39 0 0 0 30 0 5 0.47
42 0 0 39 0 0 38 0 8 0 0 5 0 0 23 0 7 0 0 42 0 0 0 15 0 0.32
3 0 0 2 3 3 6 0 0 6 3 0 3 0 0 0 2 0 3 0 1 0 0 5 0 0.16
32 31 0 24 19 0 0 11 159 32 41 0 60 0 0 0 20 38 42 0 42 32 0 0 0 0.56
3 7 11 2 3 0 12 4 2 1 1 2 23 0 0 8 9 17 12 8 5 2 13 12 4 0.52
0 1 3 44 0 111 37 0 18 0 44 38 51 0 93 41 28 0 0 49 30 13 28 39 0 0.61
4 3 0 3 0 5 2 0 0 0 0 4 3 0 0 3 0 0 0 0 0 0 0 0 0 0.1
0 0 0 0 1 0 0 4 1 4 0 0 0 0 0 0 1 1 4 0 4 0 2 0 0 0.08
2 0 2 4 0 0 0 0 5 0 0 0 2 0 0 0 0 1 3 4 0 0 0 0 2 0.1
0 0 1 0 0 2 0 0 1 4 0 0 4 0 2 2 0 0 5 2 2 0 3 0 4 0.12
84 47 4 2 0 31 55 16 10 8 6 12 0 19 4 0 32 48 51 0 32 0 6 36 12 0.68
3 2 3 0 0 2 8 0 5 3 10 4 0 1 14 0 0 0 6 8 1 0 0 2 3 0.28
0 0 1 0 2 0 0 4 0 0 0 0 0 1 2 0 0 0 0 0 0 2 0 3 0 0.06
8 2 1 5 8 0 8 3 19 0 4 0 9 5 2 3 0 8 4 0 2 4 0 5 4 0.38
17 1 11 0 0 15 6 1 0 6 0 0 8 6 0 0 0 1 0 1 3 0 0 5 9 0.3
58 0 0 49 0 36 0 0 81 0 0 0 4 0 0 6 38 31 16 12 45 0 0 0 33 0.44
3 0 19 0 13 9 2 0 2 0 1 1 0 0 19 0 0 10 6 0 5 2 18 13 0 0.36
8 3 5 0 18 0 1 7 5 4 4 4 0 0 0 0 9 16 9 0 0 9 2 5 2 0.38
3 0 40 47 0 0 53 7 35 73 37 14 0 24 0 51 0 32 0 0 44 25 36 33 26 0.64
3 0 2 6 0 6 9 0 2 0 0 0 0 0 12 14 9 0 0 0 13 0 2 8 2 0.31
0 0 10 10 3 0 2 0 2 2 3 1 1 5 1 10 13 3 9 1 10 1 2 10 0 0.38
0 8 0 3 5 1 16 3 1 8 9 4 5 1 2 3 0 23 0 0 2 0 3 0 8 0.34
0 41 0 0 0 10 40 37 41 0 0 42 0 0 95 5 0 38 25 0 134 0 39 54 35 0.54
0 39 32 69 35 0 0 21 0 0 46 80 0 10 50 37 0 35 0 0 0 28 24 21 1 0.56
19 35 0 29 0 25 41 19 0 33 0 46 29 38 0 82 133 11 33 18 18 103 0 0 25 0.72
0 0 0 7 10 1 0 18 8 1 0 0 0 6 0 12 0 16 1 5 0 14 3 6 0 0.35
5 0 0 1 1 4 0 0 0 0 0 3 0 0 0 2 4 4 1 1 0 0 3 5 2 0.14
31 37 0 41 6 12 92 0 31 39 31 26 35 32 21 12 47 23 47 42 39 4 0 23 29 0.84
5 6 6 12 3 9 11 0 17 5 3 3 2 6 3 12 4 3 5 8 17 0 0 2 1 0.49
2 0 0 3 2 6 0 2 2 3 0 0 5 3 4 1 0 0 2 0 0 3 1 2 5 0.18
44 33 0 0 40 2 23 55 0 0 0 2 36 0 46 89 0 0 8 13 0 0 46 30 39 0.52
1 2 8 3 0 1 10 4 0 17 13 0 16 9 13 5 1 0 0 14 0 12 7 8 3 0.48
6 37 0 0 15 22 0 0 0 16 38 19 40 0 34 46 24 0 0 43 0 81 0 0 20 0.54
0 0 8 0 0 14 0 15 0 0 0 0 14 14 16 0 9 0 10 0 14 0 12 1 0 0.39
0 0 2 2 0 4 1 4 0 4 0 0 0 2 0 0 2 4 3 4 3 4 0 0 0 0.15
0 5 0 0 0 1 0 0 0 3 0 0 0 0 0 3 6 0 0 0 0 0 1 3 0 0.08
11 96 0 9 41 0 38 18 32 32 32 133 0 0 0 0 36 0 25 56 19 36 42 10 23 0.71
0 4 0 2 6 0 0 0 0 3 0 1 3 2 0 2 4 3 3 0 2 4 0 0 0 0.15
0 0 0 0 6 1 3 0 9 9 0 0 1 4 0 5 5 1 5 5 14 9 0 0 3 0.3
2 1 21 24 2 3 0 1 3 6 2 4 9 12 4 4 5 13 1 7 0 5 10 4 1 0.45
0 0 0 42 2 0 37 0 20 49 23 3 0 27 0 156 46 34 1 59 32 0 0 0 0 0.46
6 0 1 2 1 2 0 0 3 3 1 0 0 2 1 1 0 0 0 0 0 0 2 0 4 0.11
2 1 1 5 19 14 2 9 3 13 0 7 3 1 6 2 2 0 21 2 0 1 5 0 0 0.36
0 4 0 5 2 0 0 0 0 1 0 0 3 0 0 0 2 0 0 0 2 2 0 0 0 0.08
1 1 8 12 1 3 12 0 0 0 6 10 12 14 2 0 4 14 6 23 5 0 0 21 16 0.5
1 20 24 6 5 3 3 7 0 0 8 0 3 18 24 1 8 0 0 5 20 17 10 2 3 0.5
2 0 0 1 0 0 0 2 0 0 0 2 0 3 0 0 0 1 1 2 0 0 0 0 0 0.05
0 27 0 41 38 0 0 0 0 0 0 41 29 34 15 0 0 40 0 29 4 0 0 21 0 0.41
1 0 0 4 0 2 0 0 4 2 0 1 0 0 1 1 3 4 0 0 0 6 0 0 3 0.12
0 0 3 1 0 0 9 0 8 1 3 0 7 1 2 12 0 10 3 0 8 0 3 2 2 0.29
8 0 14 13 15 2 0 12 9 2 10 0 4 6 3 0 0 7 12 17 13 6 5 10 0 0.56
0 0 3 0 3 0 3 0 1 3 0 0 0 3 0 0 2 0 0 1 0 3 0 1 0 0.09
2 0 2 6 3 0 0 0 2 4 0 0 0 1 2 6 0 0 0 0 4 0 0 6 3 0.16
0 10 4 0 7 8 11 13 0 7 2 1 0 0 3 0 10 0 2 11 0 8 0 2 0 0.37
90 39 25 40 130 31 49 0 51 0 34 0 37 45 0 7 49 25 40 16 0 0 123 0 0 0.66
3 2 0 2 0 0 0 4 0 3 3 0 0 1 0 0 0 0 5 0 0 0 0 1 0 0.09
12 0 0 1 0 10 0 0 0 0 8 1 0 0 10 0 0 0 14 0 0 6 12 0 0 0.26
0 15 47 28 55 91 60 42 42 0 0 0 19 0 0 44 44 0 37 0 10 0 16 45 0 0.6
0 9 0 3 7 8 0 9 0 7 10 1 0 9 3 0 0 0 2 8 0 2 0 13 12 0.39
34 0 0 9 79 31 0 0 0 1 0 0 43 28 48 0 35 33 0 66 0 0 0 0 36 0.44
3 1 1 0 3 0 0 2 0 0 0 0 0 0 0 0 2 4 1 0 3 1 1 0 0 0.08
1 0 0 2 0 0 0 3 0 0 0 3 0 0 0 0 1 0 2 1 0 0 0 0 0 0.05
0 1 0 0 0 1 2 0 0 1 2 0 0 4 0 2 0 0 5 0 1 2 0 0 2 0.09
0 2 19 3 0 9 0 1 0 0 0 2 3 0 0 4 3 7 2 11 0 17 0 2 0 0.27
0 3 0 3 0 3 0 0 3 1 0 0 1 5 0 1 0 0 1 0 0 3 0 5 0 0.11
0 17 14 0 5 9 0 7 0 0 1 11 8 6 5 5 0 3 0 11 9 1 8 0 2 0.43
0 0 0 0 2 0 0 0 6 0 1 5 0 0 3 0 0 1 4 0 0 0 1 0 0 0.09
4 0 0 0 1 3 9 5 2 0 8 7 6 7 4 10 0 4 12 0 10 3 2 2 1 0.39
2 9 1 14 0 0 4 0 11 2 0 13 0 3 0 2 3 2 0 5 0 12 0 0 4 0.3
1 0 5 1 0 0 2 2 1 1 0 0 0 2 0 3 0 0 3 0 0 0 0 0 0 0.08
23 15 32 10 51 40 2 35 40 60 125 20 46 0 40 139 0 36 0 0 49 0 32 13 0 0.72
0 130 38 0 0 0 0 157 11 41 50 34 20 0 6 19 52 0 12 38 0 41 33 0 32 0.62
0 3 0 0 3 4 0 0 0 0 1 0 0 1 0 6 0 0 0 3 0 0 0 3 0 0.09
0 3 3 6 2 14 2 24 0 2 1 12 0 1 0 0 6 3 0 12 23 5 2 0 10 0.38
9 0 2 0 1 11 0 0 0 0 0 0 1 0 9 1 0 0 1 0 0 0 14 6 0 0.2
2 0 0 0 6 0 0 9 13 1 0 3 5 9 2 7 0 0 0 10 0 2 5 0 5 0.3
22 10 0 0 5 9 23 22 10 17 12 0 4 12 24 6 0 2 0 14 0 11 0 4 3 0.57
0 0 4 3 0 1 0 4 0 0 1 0 2 1 0 0 0 0 0 0 0 0 3 1 4 0.09
0 0 0 0 2 0 12 9 1 1 12 0 6 0 0 2 11 2 2 0 0 4 0 8 0 0.26
1 0 5 12 18 0 17 0 7 3 8 0 0 14 9 2 0 10 0 9 12 4 9 0 6 0.49
0 0 10 1 6 6 6 8 4 0 4 11 0 21 0 20 0 2 11 10 0 0 3 10 3 0.45
1 1 0 0 2 0 0 6 5 0 0 2 2 0 0 0 1 0 5 0 3 0 1 3 1 0.13
0 0 0 0 0 0 5 2 4 3 0 0 0 0 0 0 0 0 0 0 6 2 5 0 0 0.1
3 4 1 0 9 3 8 0 0 10 9 0 8 18 0 6 0 1 4 12 6 0 0 1 0 0.37
0 0 0 0 1 0 0 2 0 2 0 3 4 4 0 0 0 1 0 3 0 3 0 2 1 0.1
3 30 0 98 46 0 0 0 21 33 6 35 0 0 41 0 0 0 0 0 0 0 0 13 26 0.39
10 0 8 19 0 0 1 1 3 0 0 0 0 4 13 3 6 3 1 2 6 0 6 7 0 0.32
0 4 0 3 0 0 1 0 5 0 0 3 4 0 6 5 0 0 2 0 0 1 1 0 0 0.14
29 101 31 19 9 0 38 0 19 41 50 35 0 16 40 67 23 0 27 21 0 32 40 42 41 0.79
10 0 0 9 2 16 12 19 3 3 6 1 1 1 24 0 8 4 0 3 0 0 0 19 3 0.41
0 0 7 0 3 0 1 0 16 7 0 5 0 1 0 0 0 14 9 2 0 2 0 0 1 0.23
0 5 0 138 10 48 39 28 0 31 0 0 0 47 56 0 18 29 55 40 0 14 42 95 3 0.63
0 0 0 0 6 8 1 0 13 1 1 8 13 6 7 0 6 10 0 5 10 13 3 0 0 0.4
4 4 2 2 11 0 2 13 0 1 5 7 8 0 13 4 0 5 0 7 1 9 3 3 6 0.41
1 0 0 0 5 5 0 3 0 0 0 0 0 5 0 3 2 0 2 4 1 0 0 2 1 0.13
3 0 0 4 0 0 6 1 2 0 0 0 2 0 2 2 0 0 0 6 0 2 0 1 0 0.12
4 0 48 33 20 19 46 50 60 30 0 32 0 35 5 1 23 0 14 0 8 8 141 35 0 0.66
3 0 0 14 0 18 10 4 9 0 19 8 0 11 4 9 0 0 3 7 0 10 0 1 0 0.43
0 15 15 0 1 10 2 18 2 1 3 22 5 7 11 6 0 8 4 4 0 3 0 7 7 0.48
0 0 0 6 0 10 0 3 10 18 12 0 4 2 2 0 8 0 1 0 0 6 2 0 2 0.3
6 0 0 0 11 17 5 0 10 0 0 0 1 0 5 12 16 8 13 0 1 1 6 3 10 0.42
0 3 1 0 6 0 3 1 3 5 0 0 0 2 0 0 0 1 1 0 0 1 0 0 0 0.1
4 3 7 3 6 0 20 0 8 0 0 12 0 0 0 0 12 2 2 0 8 5 5 0 0 0.33
46 34 0 0 37 43 0 31 50 36 35 0 0 34 26 3 6 5 0 0 0 15 44 0 22 0.57
1 17 4 1 6 4 0 4 5 8 9 0 0 0 3 4 0 0 18 2 23 6 4 4 1 0.38
0 1 3 1 0 1 1 0 0 3 0 0 0 0 0 0 1 0 0 0 0 0 0 0 0 0.04
11 0 0 0 0 4 13 6 6 4 0 11 0 0 4 1 0 16 1 19 7 3 0 0 3 0.35
0 13 0 3 15 0 3 2 0 5 20 0 9 0 22 0 11 2 0 0 5 10 0 0 1 0.36
9 0 14 3 2 0 5 0 0 9 3 16 0 3 0 8 0 1 3 0 0 7 18 0 3 0.34
2 0 1 1 2 0 3 0 2 0 0 4 0 3 3 0 0 4 0 0 0 0 2 0 1 0.11
0 6 8 7 0 0 1 0 19 7 7 1 1 5 0 1 0 6 12 2 0 17 0 10 10 0.4
0 0 0 0 0 0 0 0 0 0 4 0 0 0 6 0 5 3 0 4 1 0 0 0 0 0.09
6 0 7 9 5 7 20 1 5 0 0 4 11 12 5 2 9 4 3 0 1 16 0 1 11 0.47
7 4 1 7 10 6 3 3 0 20 2 14 2 0 1 0 5 0 9 2 1 2 2 5 12 0.4
3 1 1 3 8 5 5 4 3 7 11 0 2 8 8 3 4 1 1 2 7 1 14 1 22 0.43
2 17 2 0 12 0 0 2 0 0 2 8 1 0 13 8 9 7 13 0 0 6 3 0 0 0.36
40 38 144 51 0 45 40 0 0 18 0 41 0 0 10 36 0 14 39 29 4 35 37 0 0 0.61
2 10 8 6 18 10 0 6 6 2 6 9 2 2 0 2 0 11 3 2 0 9 3 0 18 0.47
6 0 16 1 0 2 19 0 0 5 2 0 0 6 0 0 0 0 12 0 14 7 0 0 0 0.27
0 8 30 0 0 49 16 0 0 0 2 32 0 0 50 23 29 0 0 46 45 45 14 39 0 0.52
52 0 34 0 0 0 10 0 33 0 14 0 49 51 0 34 10 56 30 46 35 26 0 0 93 0.6
19 0 0 3 3 0 3 0 0 0 13 5 6 2 8 2 6 10 5 3 4 3 6 12 18 0.43
3 7 7 9 11 0 7 15 1 9 0 19 2 3 14 3 0 0 0 9 0 8 2 0 7 0.46
0 2 0 3 0 0 0 0 2 0 1 1 0 2 0 0 0 0 0 6 0 1 3 0 0 0.08
0 1 0 10 7 0 7 14 8 3 5 0 4 5 0 1 1 13 7 2 10 5 2 0 0 0.39
0 2 1 0 6 2 7 0 0 0 0 1 3 8 16 3 8 6 4 0 2 0 2 0 7 0.28
37 7 0 39 44 49 32 27 31 31 0 0 0 49 30 90 0 16 0 48 31 0 13 0 11 0.66
11 1 1 2 0 9 4 9 0 0 0 4 1 18 0 0 1 2 0 0 0 0 0 9 0 0.25
32 0 16 13 0 0 0 4 2 22 0 9 0 0 2 35 0 0 0 0 0 14 0 0 0 0.3
0 1 0 0 0 1 0 2 1 0 0 4 3 0 0 4 1 0 0 0 2 0 0 0 0 0.07
0 0 0 2 0 0 0 0 5 0 0 0 0 2 0 0 2 3 3 0 4 0 0 2 0 0.09
0 1 0 0 3 0 0 2 0 0 0 0 3 0 0 3 0 0 0 6 0 6 1 3 3 0.12
2 0 14 4 24 4 0 0 2 0 4 8 3 0 6 3 23 0 1 0 20 8 2 1 0 0.35
0 0 0 0 3 0 0 0 0 4 3 2 0 0 0 2 2 0 2 5 0 1 2 3 1 0.12
0 6 6 8 16 8 0 0 4 1 3 0 9 2 9 0 2 3 3 5 9 2 4 0 0 0.37
0 0 3 0 0 3 2 0 0 3 5 4 0 0 0 0 1 2 0 0 0 4 1 1 0 0.11
1 2 1 6 0 4 0 1 0 0 0 0 2 3 0 0 0 2 3 0 0 3 0 0 2 0.12
0 4 0 0 0 0 0 0 0 2 3 0 0 1 0 0 0 0 0 0 2 0 0 0 0 0.04
1 2 0 6 3 0 10 3 3 22 3 3 1 5 0 8 0 10 8 6 20 1 8 2 3 0.42
0 36 26 0 38 0 0 31 0 37 21 12 0 32 1 35 0 0 0 7 1 15 0 49 36 0.51
0 84 20 0 0 139 0 32 0 9 11 0 34 0 0 0 28 11 0 36 35 4 51 42 0 0.53
22 9 6 2 0 7 3 5 6 6 2 3 0 1 0 14 0 5 10 3 6 2 3 0 14 0.43
0 7 0 15 7 0 0 5 7 4 15 0 10 2 0 16 10 0 14 2 11 0 2 6 0 0.44
15 0 5 38 2 0 0 0 10 56 0 0 20 0 29 0 0 0 23 20 0 2 39 4 0 0.41
3 0 9 0 15 3 0 0 7 0 0 11 8 2 3 1 6 0 8 7 4 1 0 1 9 0.36
0 0 4 3 2 13 3 0 0 3 4 0 5 2 2 0 0 0 3 0 19 0 2 0 0 0.21
1 1 5 11 1 3 14 0 0 10 0 10 0 6 10 7 4 1 23 2 0 5 0 2 9 0.42
4 0 6 0 10 0 4 4 13 10 0 0 3 3 0 1 22 8 15 9 0 10 0 3 0 0.42
2 6 0 6 0 0 2 5 13 3 0 23 0 11 2 2 6 12 0 0 0 0 0 17 2 0.34
0 0 3 0 0 0 0 0 0 0 3 2 0 1 0 1 2 2 1 0 0 0 4 0 3 0.08
5 3 0 2 8 2 0 13 0 0 0 3 0 1 0 8 0 3 2 5 0 2 14 10 2 0.3
15 9 1 6 5 11 18 3 0 14 2 3 6 0 1 1 2 0 5 0 6 5 0 3 2 0.39
25 37 36 34 36 0 33 34 0 135 10 39 0 37 152 37 0 37 60 41 0 24 35 31 19 0.8
3 3 6 2 5 12 2 5 9 8 13 1 6 2 3 8 2 5 0 4 16 0 5 5 3 0.46
12 3 0 9 3 22 3 0 2 0 1 0 1 1 0 0 5 6 0 2 0 3 6 2 7 0.29
20 0 19 0 39 31 0 0 11 77 0 0 44 47 8 27 51 25 51 0 0 0 26 0 0 0.55
0 0 0 0 35 0 61 0 0 0 98 37 0 31 0 2 42 2 16 0 88 11 0 0 0 0.37
51 0 0 33 15 31 113 0 34 0 0 0 0 0 47 35 73 0 50 59 40 0 39 34 59 0.6
0 0 0 36 35 0 40 38 59 42 0 31 44 29 27 37 0 39 15 3 7 0 0 1 32 0.6
10 9 2 0 1 5 1 6 10 0 0 17 0 1 7 13 11 6 0 2 0 3 0 12 3 0.42
0 2 8 7 0 0 6 0 0 0 0 16 0 1 4 0 3 1 0 18 0 4 5 2 0 0.25
6 1 17 2 0 0 5 9 0 0 11 8 0 0 17 0 0 3 6 0 7 7 10 0 1 0.37
7 0 3 1 0 5 0 0 2 2 5 8 7 0 6 0 10 0 0 9 3 3 9 4 5 0.35
18 2 9 6 3 6 0 14 0 18 0 0 1 6 3 0 9 8 0 3 3 5 0 3 1 0.39
7 21 0 20 2 2 9 0 0 14 0 4 8 10 3 1 21 2 11 2 5 0 0 3 3 0.44
0 0 6 0 1 2 0 0 0 1 0 0 0 2 0 1 3 0 0 3 0 0 0 0 0 0.07
33 115 32 35 26 0 0 34 0 0 5 38 60 9 84 8 0 30 0 98 1 37 80 47 0 0.65
10 3 8 4 2 12 0 3 23 7 7 2 5 0 1 5 11 11 0 0 4 0 9 10 3 0.49
22 0 34 21 6 44 38 0 10 0 0 0 0 17 27 0 36 0 45 0 0 43 0 16 29 0.54
8 0 34 26 15 0 35 0 6 37 34 74 16 0 27 0 0 20 31 0 20 40 28 39 34 0.69
2 13 24 11 6 0 8 1 10 19 8 0 1 0 4 6 8 0 6 7 4 7 1 11 2 0.52
0 3 0 2 0 0 0 6 0 0 0 2 0 3 4 2 6 0 0 0 0 4 0 0 1 0.13
9 0 11 10 0 45 0 0 0 17 59 0 0 0 17 0 13 0 35 0 40 20 8 41 9 0.54
45 0 37 1 33 0 0 0 11 10 35 0 104 0 0 11 2 0 32 14 32 0 0 0 50 0.49
9 1 9 0 0 6 24 2 1 3 16 0 23 6 0 1 6 1 3 0 0 0 4 23 0 0.36
4 2 1 2 7 24 4 6 0 2 1 5 0 1 8 0 16 14 0 6 2 0 2 15 1 0.37
8 4 1 0 2 5 8 0 0 9 8 19 7 0 0 0 6 0 0 0 9 1 1 0 10 0.35
0 2 1 13 4 5 13 11 18 22 0 3 1 1 0 1 5 6 0 0 4 0 2 2 4 0.36
3 1 0 2 0 0 2 0 0 0 2 0 0 3 0 0 0 0 3 0 0 2 0 1 4 0.09
0 1 2 0 0 5 4 0 6 0 8 0 0 22 18 9 1 2 0 8 10 0 2 9 3 0.36
3 0 3 0 2 3 3 2 3 6 1 0 0 10 0 17 2 0 0 13 0 9 0 0 10 0.3
3 4 0 5 12 1 10 2 15 8 1 1 1 21 3 0 0 20 0 12 14 0 9 2 8 0.47
0 0 1 0 0 0 0 0 0 3 2 0 0 1 2 3 2 3 4 0 3 4 0 4 4 0.14
32 0 57 0 0 0 19 60 45 103 46 39 3 26 47 0 93 24 17 21 0 0 0 0 0 0.57
1 1 0 6 17 10 1 8 0 17 4 0 0 3 6 2 0 0 9 3 0 0 12 14 0 0.37
0 115 18 0 0 0 0 46 5 37 38 0 123 6 38 0 45 43 35 34 0 0 0 13 100 0.56
6 5 7 0 1 0 6 1 2 3 2 7 0 12 0 12 0 5 10 22 6 0 5 0 0 0.38
0 12 2 9 1 0 15 6 7 2 3 2 3 0 4 0 5 10 0 1 10 4 10 2 10 0.44
0 16 0 40 38 16 36 36 17 0 38 43 0 47 0 0 0 0 42 39 0 103 32 0 0 0.56
46 0 0 38 0 0 0 15 0 0 17 0 0 13 70 31 0 0 41 0 19 0 0 35 0 0.4
1 0 0 3 3 2 6 2 1 0 1 0 0 0 1 0 1 2 0 0 1 0 0 0 1 0.1
0 12 0 5 5 4 0 3 19 5 1 2 0 1 11 2 16 1 6 2 6 16 0 0 0 0.37
0 0 0 0 0 0 0 2 0 4 2 3 10 5 4 18 8 4 0 4 0 0 2 0 17 0.27
3 9 2 3 11 2 0 0 1 10 1 1 3 4 4 0 0 0 10 3 0 0 0 6 7 0.31
29 0 0 34 2 0 21 20 49 49 23 0 38 0 35 0 0 0 36 39 0 35 35 0 49 0.56
0 0 0 6 4 0 0 0 0 0 1 0 1 0 0 0 1 0 1 0 0 0 0 0 0 0.05
0 9 4 21 6 0 3 0 4 3 0 1 1 22 9 0 3 1 0 22 9 17 3 9 10 0.46
24 7 0 34 36 0 39 27 0 0 42 3 37 0 21 0 94 69 0 0 33 38 10 0 0 0.56
3 15 2 0 3 13 3 13 0 3 0 7 16 3 1 0 8 0 0 0 0 1 0 0 14 0.33
32 12 58 126 0 33 36 0 49 34 40 76 2 0 40 36 21 8 24 0 19 14 0 9 44 0.75
2 0 0 0 4 0 0 1 0 0 0 0 3 0 0 0 0 3 0 0 0 2 0 0 1 0.06
2 0 0 3 0 1 1 1 0 2 0 0 0 6 0 2 0 3 3 0 0 0 0 0 0 0.09
33 31 18 42 79 41 0 38 0 50 43 34 3 0 0 91 51 25 40 40 0 0 0 0 6 0.63
2 0 0 0 5 0 0 0 0 0 0 0 0 0 4 2 5 4 0 0 3 0 0 5 2 0.12
7 2 1 15 10 0 3 4 4 1 0 0 0 1 2 5 6 0 10 0 0 3 0 0 2 0.28
31 36 0 26 46 50 35 0 38 0 0 32 0 18 45 43 12 13 11 0 0 0 7 0 0 0.58
4 0 0 3 5 0 0 0 1 0 0 0 0 0 0 2 0 0 0 0 0 1 0 0 0 0.06
60 36 0 0 0 43 35 0 0 11 0 0 9 24 26 30 43 6 23 7 52 50 0 25 36 0.64
35 0 0 39 0 0 0 13 153 28 0 0 46 35 46 0 63 62 7 0 0 7 0 0 25 0.49
3 5 4 0 5 1 0 0 0 1 0 3 0 0 0 0 0 0 2 0 4 0 0 0 2 0.12
6 11 0 0 1 6 0 11 0 0 1 6 5 2 0 1 1 0 1 3 12 0 0 1 0 0.25
0 1 1 12 3 2 0 0 0 3 0 0 0 1 2 0 9 0 1 0 0 1 0 1 6 0.16
6 0 3 0 4 4 0 24 18 3 10 0 3 5 4 1 8 1 5 0 8 22 2 2 0 0.39
1 0 0 2 3 2 1 0 0 2 0 0 0 0 0 1 0 2 4 0 0 0 0 0 3 0.08
0 0 9 0 14 9 6 3 0 0 0 0 3 2 2 10 0 0 0 0 0 3 0 0 0 0.22
0 0 0 0 0 0 1 5 2 6 4 0 1 0 0 1 0 2 0 0 0 3 0 0 2 0.1
40 0 22 31 0 13 0 38 14 8 38 43 0 13 0 43 19 13 0 0 0 18 0 11 41 0.63
0 0 0 8 20 45 0 0 0 36 0 0 0 23 0 10 9 0 4 0 18 12 0 29 15 0.44
2 1 0 2 8 0 9 7 0 3 15 0 0 7 0 4 5 0 3 9 0 4 0 17 10 0.37
0 1 4 1 0 1 3 4 0 2 3 0 2 0 0 0 0 0 0 2 0 0 5 0 2 0.12
0 0 0 0 4 0 0 3 4 1 0 3 3 0 0 0 0 0 0 0 0 0 3 1 0 0.08
1 0 0 0 0 2 0 0 0 0 1 0 4 1 1 2 6 0 0 1 3 5 0 0 0 0.1
0 0 0 0 0 3 2 1 3 0 0 1 0 0 4 0 0 0 0 0 0 1 4 0 1 0.08
0 0 0 24 6 17 6 12 24 3 1 1 0 8 0 8 0 9 11 9 7 0 9 9 2 0.51
0 2 0 2 1 0 6 4 0 0 0 1 1 3 4 0 0 0 0 0 0 0 2 0 4 0.12
2 0 3 0 0 0 0 0 1 0 0 6 4 0 2 3 3 0 1 0 3 2 3 5 0 0.15
43 46 0 35 0 0 10 37 39 31 82 0 99 27 41 0 65 0 146 37 55 0 36 28 0 0.68
0 4 6 6 2 14 5 23 0 6 0 0 1 17 0 0 7 0 6 3 10 0 0 0 3 0.35
37 34 0 0 30 0 22 39 0 0 51 0 147 21 0 50 29 48 0 32 27 0 35 0 50 0.6
5 1 13 0 0 0 0 0 13 2 0 1 0 0 7 11 0 0 7 0 12 3 0 0 0 0.26
0 0 1 0 0 3 4 0 2 3 0 2 0 1 0 0 1 6 2 0 0 6 4 4 0 0.15
0 0 0 2 0 0 0 3 0 0 3 0 2 0 0 0 4 0 0 2 0 0 3 0 0 0.07
0 2 0 0 0 0 0 3 0 0 6 3 0 0 0 2 1 0 0 0 1 2 0 1 3 0.09
0 0 11 0 17 6 0 9 6 0 0 0 7 6 0 16 11 9 3 0 7 10 0 0 3 0.42
1 0 0 0 3 0 0 0 2 0 0 1 0 2 0 6 2 0 3 3 0 1 0 0 1 0.1
0 3 0 0 3 0 0 4 5 0 0 0 2 0 0 0 0 6 3 2 0 6 0 0 1 0.14
2 0 0 0 0 0 2 2 0 3 1 0 0 5 0 0 4 0 0 3 0 6 4 4 0 0.14
35 4 33 17 18 0 0 31 0 0 39 24 0 0 29 56 17 36 28 33 31 43 17 38 38 0.73
0 2 1 0 0 0 0 0 0 0 3 0 0 2 0 0 0 1 0 0 0 0 0 2 0 0.04
0 0 37 0 24 31 48 13 17 0 37 35 36 2 7 0 0 32 6 0 0 38 17 1 75 0.58
11 15 0 17 106 0 0 0 5 36 3 38 39 45 0 0 6 0 0 12 0 32 41 29 46 0.57
2 4 1 6 0 0 0 1 0 1 1 0 0 0 0 0 0 0 3 0 0 1 2 0 3 0.1
18 5 0 0 7 0 0 22 16 0 40 0 19 31 0 0 0 58 46 40 0 12 16 0 32 0.52
0 0 9 0 0 37 41 15 0 0 0 0 0 13 0 43 0 48 48 0 0 19 8 20 52 0.46
0 4 10 4 0 0 0 0 0 10 9 8 11 0 0 7 0 0 0 0 2 3 0 0 15 0.3
3 10 16 1 15 0 0 3 0 0 0 2 4 4 0 0 12 0 0 6 16 0 0 3 15 0.34
7 0 5 7 10 2 0 3 0 3 0 2 1 0 0 0 0 5 5 0 0 6 1 7 6 0.27
0 0 0 0 2 4 3 0 0 2 3 0 0 0 0 0 1 5 0 0 0 0 2 0 0 0.08
1 0 2 0 0 3 13 1 1 0 23 8 6 0 8 0 21 8 0 3 11 14 20 12 8 0.47
2 10 0 0 0 0 0 3 5 0 0 1 0 0 0 0 0 0 0 2 5 0 0 0 7 0.14
10 5 3 1 0 0 1 16 5 8 0 9 0 3 0 5 2 0 0 11 19 3 0 0 0 0.34
3 7 16 2 8 3 7 0 7 0 1 0 11 2 11 0 8 3 0 5 5 0 0 7 0 0.39
12 0 1 0 0 2 6 13 17 3 10 6 7 0 10 0 0 0 0 0 0 1 0 0 0 0.3
7 3 3 9 0 14 0 6 0 0 8 7 0 10 8 1 3 0 3 2 17 1 0 0 2 0.37
13 2 6 4 14 4 13 0 0 1 0 0 0 2 0 13 2 3 1 12 8 0 2 1 2 0.35
6 4 0 0 0 0 3 0 0 0 0 0 0 5 1 0 2 0 0 0 0 0 4 0 0 0.1
0 3 3 5 1 2 1 0 0 0 12 2 6 7 3 0 10 4 5 0 1 0 0 2 14 0.3
0 12 0 22 4 0 16 1 0 10 1 4 0 0 3 18 5 2 0 0 0 2 0 3 0 0.3
5 17 44 0 0 39 0 40 42 0 0 0 38 31 0 0 0 29 0 65 0 12 0 0 101 0.46
0 8 2 0 0 1 1 17 1 24 1 9 5 4 3 12 7 11 3 12 14 0 5 0 11 0.48
3 2 0 0 0 0 2 7 0 3 0 0 6 9 0 3 0 9 3 1 0 3 9 7 10 0.3
2 0 5 1 1 0 2 0 1 1 1 1 0 2 0 0 0 3 2 0 0 2 4 0 5 0.13
6 1 0 0 0 3 13 0 14 9 0 2 1 14 2 7 0 0 2 0 8 3 0 16 0 0.33
1 0 0 2 1 14 0 0 1 1 5 1 0 0 5 18 0 0 14 0 5 1 1 1 8 0.25
0 4 0 0 0 0 5 0 6 0 0 2 19 6 2 0 9 9 0 0 2 5 8 0 0 0.27
0 0 19 0 14 2 26 0 0 0 33 48 18 21 24 0 3 71 0 0 0 21 47 18 0 0.5
0 14 3 19 6 9 0 2 0 6 3 7 11 6 2 13 0 1 6 3 0 1 0 9 2 0.42
0 11 0 10 8 3 2 0 0 0 4 4 12 3 2 9 0 0 0 0 2 0 0 5 19 0.32
0 0 13 0 0 9 4 2 0 0 9 0 0 0 3 11 13 1 0 5 2 9 0 0 13 0.33
0 0 0 0 33 0 0 26 0 0 49 34 2 38 30 13 0 41 29 34 20 43 0 14 0 0.52
1 0 1 0 2 3 0 6 0 0 0 0 15 10 8 3 0 1 0 0 3 14 0 1 4 0.25
0 0 1 3 5 2 0 0 17 0 19 0 0 12 3 0 8 0 1 1 11 0 0 0 0 0.25
0 0 0 0 1 2 0 0 0 0 0 0 3 0 0 3 0 0 1 0 0 2 2 0 0 0.05
13 9 4 3 6 3 0 0 6 3 0 4 9 8 5 18 11 5 4 4 0 1 14 9 1 0.49
0 32 33 0 46 41 31 0 22 39 0 14 4 0 0 36 34 25 136 37 42 0 35 0 75 0.65
3 0 2 2 1 0 0 0 0 1 1 2 0 0 3 0 0 0 0 0 4 3 0 1 0 0.09
0 5 0 0 0 0 0 3 0 0 5 0 0 0 1 1 0 0 2 1 0 4 4 1 6 0.13
0 6 0 7 13 3 9 0 10 2 0 4 2 4 1 3 5 0 4 5 1 7 16 8 1 0.4
23 50 10 39 0 0 0 0 0 58 31 40 62 25 0 12 6 0 148 33 0 0 0 0 0 0.5
10 7 11 16 0 16 3 7 9 0 6 0 1 17 1 0 3 14 0 4 0 0 0 0 0 0.4
0 1 0 3 0 4 0 2 0 4 0 0 3 0 1 1 1 0 0 2 3 4 0 0 0 0.11
9 8 11 6 3 1 11 6 5 0 1 1 1 0 3 3 4 1 3 1 0 8 1 7 3 0.37
6 1 0 0 0 0 0 0 2 0 3 3 0 3 3 2 0 0 0 3 0 0 0 3 0 0.11
0 42 8 15 96 0 125 0 0 51 0 0 37 37 47 0 40 0 46 4 31 43 0 0 45 0.56
1 33 23 34 0 0 45 5 22 0 0 0 1 12 17 1 0 0 0 2 0 2 0 36 17 0.4
30 0 3 0 0 0 7 16 40 0 0 34 0 1 0 15 1 0 0 0 31 0 28 0 12 0.36
0 0 7 1 2 0 13 1 3 0 10 1 2 0 8 18 0 0 1 0 10 0 0 0 1 0.26
0 2 3 4 0 1 0 0 0 2 5 0 0 0 3 6 0 4 0 4 6 0 0 5 0 0.18
0 11 0 1 3 0 6 0 3 0 0 0 3 0 4 0 4 1 7 4 5 0 5 5 8 0.27
0 0 0 3 0 0 3 0 0 2 1 1 0 2 0 0 6 2 0 0 0 3 0 0 0 0.09
0 10 19 0 0 4 0 0 0 4 3 13 1 0 0 5 0 9 0 1 0 10 0 6 5 0.31
136 0 15 52 10 0 0 32 8 24 65 35 9 8 16 35 2 18 0 32 18 13 14 77 2 0.75
22 0 48 0 0 47 6 0 0 0 24 26 38 21 44 30 44 0 0 23 0 70 0 57 0 0.54
7 9 11 17 9 0 0 0 1 0 13 3 0 11 2 1 3 1 19 0 2 0 0 0 3 0.36
6 1 5 4 0 5 3 6 10 19 0 18 0 9 9 3 0 5 9 2 0 6 5 2 4 0.45
20 2 2 2 6 2 4 6 0 0 22 3 14 0 3 0 2 2 11 18 2 2 2 7 3 0.39
0 0 0 2 0 0 0 0 4 1 0 4 0 0 1 0 2 0 0 0 0 0 4 0 2 0.08
11 1 0 4 3 0 2 0 4 0 0 8 6 1 10 3 1 7 10 0 3 4 7 6 5 0.38
0 0 1 0 1 6 2 4 5 6 0 2 12 3 0 0 12 6 1 2 2 0 10 3 2 0.3
14 2 0 0 10 14 0 0 0 0 17 4 7 0 7 0 9 0 0 3 0 9 10 1 0 0.36
6 5 4 10 6 0 4 0 0 10 0 5 10 1 5 0 3 0 10 3 6 1 24 9 11 0.47
1 3 19 5 10 0 5 0 4 0 0 15 4 1 2 5 8 12 0 0 16 2 0 5 3 0.39
0 0 0 0 0 0 3 0 0 0 0 1 0 0 0 0 3 1 0 0 1 0 0 0 0 0.03
0 0 0 0 0 3 1 0 1 4 3 0 3 3 1 3 1 3 0 5 3 0 0 5 4 0.17
10 72 0 0 0 26 31 16 12 38 0 79 5 51 29 0 0 0 14 0 0 40 7 0 98 0.56
38 38 0 0 39 39 0 0 0 0 27 36 31 73 34 11 0 19 0 0 41 24 0 36 97 0.6
0 6 0 1 9 3 3 0 0 3 0 0 2 6 14 0 9 8 0 0 1 8 0 5 0 0.29
2 4 3 1 0 10 0 3 0 0 0 0 3 2 0 0 0 19 9 1 10 3 3 0 0 0.25
1 10 8 2 0 19 0 8 3 12 0 0 3 1 2 0 3 0 0 8 2 4 0 0 0 0.3
3 0 3 0 0 4 0 0 4 0 0 0 2 4 3 0 0 0 1 0 1 0 4 0 0 0.11
2 1 0 0 4 1 0 6 0 2 3 2 1 0 0 0 0 0 1 0 0 4 0 0 0 0.1
0 0 0 4 0 27 0 40 0 0 37 54 0 49 38 27 0 0 0 0 0 132 0 34 0 0.37
0 32 0 34 0 11 10 0 0 0 64 20 12 0 47 0 0 88 29 0 0 12 57 0 59 0.52
7 11 7 2 20 0 2 10 6 3 8 10 12 3 0 1 10 3 7 4 0 7 12 19 0 0.56
0 14 19 1 0 0 16 0 0 1 19 8 0 10 4 8 0 6 4 0 4 0 3 3 9 0.4
0 2 1 0 0 2 2 0 3 0 0 0 2 2 1 0 0 0 0 0 0 0 1 2 2 0.08
0 0 0 1 0 0 0 0 0 0 2 0 2 0 1 0 1 1 3 1 2 1 2 0 0 0.06
0 3 3 11 24 0 1 6 12 0 10 22 4 2 23 2 0 8 6 0 3 5 10 10 0 0.49
1 5 10 0 8 19 0 3 0 1 0 4 2 3 1 0 9 6 2 24 0 11 11 3 9 0.42
17 0 36 21 0 122 14 0 0 38 31 0 0 48 0 40 37 31 0 13 1 35 0 44 0 0.56
0 0 0 3 4 0 1 10 3 0 0 13 0 1 3 4 5 9 0 14 5 6 0 8 0 0.32
0 0 0 8 30 40 51 25 0 34 10 0 15 44 30 0 6 0 38 30 0 40 21 0 41 0.61
29 15 41 77 0 47 0 23 0 44 0 19 43 0 74 36 0 12 52 0 31 38 32 0 9 0.67
10 0 0 7 0 12 7 0 13 10 3 0 0 9 17 0 10 0 2 0 0 12 4 0 4 0.42
0 0 1 0 0 0 2 0 0 0 0 0 0 0 0 0 0 2 0 3 6 0 0 4 3 0.08
2 5 13 0 5 0 9 2 11 10 0 5 1 6 10 0 3 0 2 12 2 7 2 9 0 0.43
0 0 17 0 21 9 5 0 3 0 2 3 2 3 3 12 0 11 0 0 3 3 0 24 6 0.36
9 2 18 9 0 3 11 0 0 0 3 0 0 0 3 0 4 1 3 5 0 0 10 0 0 0.28
0 0 7 5 12 6 8 2 4 2 9 12 0 10 8 18 0 2 0 0 1 0 1 6 1 0.4
1 9 3 3 0 2 2 6 19 1 0 1 3 2 22 2 5 0 0 10 2 5 13 0 1 0.35
69 41 6 31 0 0 0 52 1 125 0 27 43 0 6 34 29 48 27 126 77 17 14 38 54 0.73
1 0 0 0 0 3 0 2 0 0 2 4 0 4 0 0 0 1 2 0 1 2 5 3 0 0.12
23 15 6 0 2 0 0 11 17 8 3 24 3 5 12 11 1 13 6 1 0 0 1 18 8 0.53
0 0 4 0 0 33 45 15 0 0 35 0 15 0 23 47 13 5 49 0 3 0 50 0 0 0.44
12 3 13 0 0 8 13 23 5 5 5 0 2 0 5 4 3 8 4 7 0 7 2 6 0 0.45
0 2 12 15 1 8 3 2 3 9 3 0 0 1 3 1 5 6 11 2 6 2 0 4 10 0.4
4 3 8 7 0 8 4 5 1 0 0 3 1 0 1 14 2 5 8 1 3 21 0 3 0 0.34
2 4 0 3 0 0 0 0 0 3 3 3 3 0 0 0 0 2 5 0 1 0 1 2 3 0.14
2 6 0 4 3 2 4 2 0 0 0 0 0 0 0 0 3 5 5 3 0 0 3 2 0 0.17
20 0 0 35 0 2 0 48 0 35 0 31 16 0 17 0 119 0 46 0 23 0 45 3 79 0.5
8 15 0 5 12 6 3 23 8 2 0 0 11 0 0 0 5 1 0 10 3 22 0 3 1 0.42
1 0 3 0 0 0 0 0 0 4 1 0 0 0 5 0 0 2 0 0 0 3 0 3 0 0.08
0 1 2 0 0 4 0 6 0 0 0 0 0 1 0 0 0 3 0 4 1 2 0 1 0 0.1
