3 2 3 6 0 0 5 0 0 4 6 4 1 1 0 0 0 4 0 0 0 4 0 2 1 0 3 3 0 2 0 3 0 0.17
15 0 0 0 0 5 0 0 6 4 0 0 7 9 3 9 2 1 13 2 3 0 0 0 2 9 9 12 1 0 6 11 0 0.35
8 0 0 7 6 2 0 0 0 0 2 9 17 5 2 1 17 6 8 1 2 0 6 10 14 0 0 0 2 0 0 0 6 0.34
0 1 0 0 2 3 0 0 0 0 3 0 0 0 0 0 0 0 0 0 5 0 0 4 0 1 2 0 0 3 0 3 0 0.08
8 2 0 0 0 4 3 4 9 4 0 0 10 0 2 2 14 10 2 7 0 1 2 1 4 3 11 0 3 3 5 17 3 0.36
0 10 0 90 2 0 43 32 32 1 0 33 33 8 21 50 32 4 22 38 0 86 31 0 0 27 0 0 15 6 16 0 32 0.6
7 0 3 19 0 0 0 8 0 0 0 2 0 16 17 10 0 12 6 6 0 0 0 6 0 1 3 14 8 0 6 0 0 0.35
0 0 0 0 0 3 0 0 3 0 0 0 4 2 0 0 1 0 5 0 0 0 0 5 1 0 2 0 1 3 2 0 2 0.1
101 0 21 0 36 53 0 28 11 46 48 0 33 0 0 18 69 0 0 0 2 9 0 0 0 0 31 0 47 18 31 31 113 0.54
0 0 5 0 0 0 0 0 0 0 0 1 0 5 3 3 0 0 4 0 0 0 0 0 0 6 0 4 0 0 0 0 0 0.09
1 15 6 19 11 6 0 2 9 14 0 3 0 3 7 0 0 9 0 3 17 1 3 0 1 13 0 2 0 0 0 0 18 0.38
23 0 0 0 0 0 0 7 50 0 0 17 5 48 0 22 40 79 0 41 0 48 0 33 0 100 135 0 25 0 0 0 27 0.46
0 5 0 18 7 0 13 6 12 0 0 9 5 2 5 11 7 0 0 0 3 0 8 5 0 2 0 0 5 4 0 0 0 0.34
10 0 3 10 7 0 9 12 0 0 0 10 0 7 2 0 0 0 0 0 18 0 7 10 8 0 5 0 0 3 0 7 1 0.36
2 3 1 0 0 0 0 0 0 0 1 2 3 0 1 0 0 0 0 0 0 0 0 1 0 0 0 1 3 0 0 1 4 0.06
0 0 0 0 3 4 0 3 4 0 0 0 0 0 0 0 2 2 0 5 0 0 0 0 0 0 0 0 1 0 0 0 0 0.07
0 36 40 93 14 0 132 0 49 0 37 8 25 0 26 25 0 0 35 27 148 36 33 0 0 0 0 0 0 0 39 0 0 0.5
4 0 38 19 16 35 35 46 3 13 114 0 16 0 0 145 8 0 40 0 0 0 0 0 45 20 40 28 0 0 0 12 38 0.56
0 3 7 0 6 24 3 1 0 0 7 0 9 2 0 5 10 0 3 2 16 2 0 9 0 7 6 5 6 0 5 4 1 0.37
0 16 8 3 1 2 0 4 6 3 3 1 3 0 15 3 1 10 5 0 5 0 14 2 2 0 13 4 8 2 10 0 0 0.38
0 0 0 0 0 0 0 4 0 0 0 0 3 3 0 0 0 0 1 4 0 4 0 0 0 1 0 0 1 0 0 2 3 0.07
2 2 10 9 0 9 9 0 0 8 2 6 3 7 0 2 13 0 0 4 9 1 6 0 4 2 3 0 13 0 2 3 10 0.4
2 3 1 1 1 4 11 1 4 0 13 1 2 0 2 21 4 8 2 0 4 3 0 1 0 2 0 21 9 2 12 9 3 0.36
31 24 30 0 61 46 103 36 41 38 37 14 0 18 49 93 0 31 35 33 46 105 12 14 32 0 34 33 9 0 0 0 23 0.78
0 50 30 0 0 0 14 0 34 0 41 0 12 25 33 33 36 0 42 45 0 0 0 99 43 51 31 109 50 126 0 33 0 0.6
10 1 0 0 3 4 0 0 1 17 1 12 10 12 9 0 1 0 2 1 8 8 4 4 6 0 2 1 5 0 0 0 0 0.33
0 13 0 0 5 5 0 3 0 3 0 0 0 3 6 7 15 0 6 1 8 3 3 0 0 14 3 0 0 5 15 13 0 0.33
0 8 0 34 36 35 35 0 0 14 44 0 0 139 0 0 17 31 8 40 0 33 0 11 0 26 51 0 80 0 31 0 34 0.56
0 0 0 4 0 0 1 0 0 3 6 0 1 2 0 1 3 0 0 1 3 0 2 4 0 0 3 0 4 0 0 0 4 0.12
38 37 33 0 26 17 0 17 0 3 36 33 0 100 0 36 90 13 12 0 0 0 44 0 31 0 0 0 0 0 0 0 56 0.49
0 0 0 0 0 0 0 0 43 32 0 12 87 0 0 45 42 0 0 50 35 0 38 0 36 0 0 26 23 43 35 0 0 0.42
0 46 0 6 0 55 58 0 0 0 0 0 43 40 89 21 45 2 7 0 0 18 39 0 0 31 0 0 4 0 6 0 41 0.43
49 22 0 13 10 0 120 0 0 8 124 0 0 37 0 35 15 0 12 0 0 0 0 0 39 0 40 0 44 33 0 43 0 0.47
7 0 14 0 4 0 3 0 3 0 3 6 2 10 2 1 8 0 1 0 14 8 0 3 0 15 4 0 4 14 0 4 5 0.35
0 3 0 1 0 0 0 0 0 0 0 0 4 0 0 1 1 4 0 0 1 0 0 0 0 0 0 0 0 0 0 0 0 0.04
0 0 6 0 9 1 0 0 0 14 0 4 0 2 2 5 0 3 7 0 0 2 4 0 7 14 0 0 0 1 15 0 11 0.28
36 51 0 0 0 57 0 47 0 4 6 17 21 32 0 26 23 0 25 8 0 0 18 0 38 0 31 0 0 51 43 0 0 0.5
0 0 1 3 0 0 3 0 0 0 5 1 2 0 0 0 1 0 0 0 4 0 3 0 0 0 0 0 0 0 0 1 3 0.08
0 13 2 7 1 12 3 0 0 0 12 1 1 0 0 3 11 2 3 3 2 0 0 0 3 12 2 14 0 0 0 4 3 0.3
2 0 36 42 40 0 0 45 101 3 22 0 32 28 0 22 40 40 146 27 0 26 0 138 0 24 19 5 16 62 36 0 0 0.63
16 0 0 0 0 100 2 5 0 0 10 72 18 0 0 28 36 36 0 71 0 38 9 0 31 32 5 0 3 34 40 0 0 0.49
10 0 3 3 11 10 2 0 14 3 0 9 2 10 0 6 3 0 0 0 0 3 0 10 14 0 0 8 0 3 1 3 1 0.36
3 9 14 10 18 6 9 1 0 4 8 4 9 1 5 3 4 0 1 3 7 2 0 11 8 8 3 4 5 0 0 11 2 0.48
0 1 8 9 8 0 2 13 9 0 1 0 22 3 1 11 22 2 23 6 3 0 13 19 2 6 3 0 0 1 2 0 0 0.41
2 1 0 1 1 5 0 0 0 2 0 4 5 0 0 1 6 0 4 0 3 0 0 5 2 0 1 4 0 0 5 0 2 0.16
0 6 0 0 1 0 0 2 3 0 1 0 0 0 1 3 3 1 1 0 0 0 0 0 0 2 0 3 0 3 0 3 0 0.1
47 0 45 28 8 0 28 18 48 135 41 90 0 0 8 0 13 45 0 21 0 57 31 45 0 59 0 22 0 31 0 0 121 0.62
94 31 51 3 0 0 9 0 128 23 11 109 0 39 0 18 19 19 0 0 0 36 31 0 0 7 8 0 49 0 0 0 0 0.5
0 7 0 0 9 3 0 15 3 2 2 0 9 7 0 0 3 7 4 4 11 0 8 0 4 1 0 0 0 8 0 4 2 0.32
0 0 5 3 2 0 0 0 8 0 14 12 11 11 0 3 0 1 3 2 0 0 1 10 15 12 0 0 0 7 3 0 1 0.33
1 0 0 0 0 0 0 0 12 0 0 0 13 0 6 2 1 0 15 14 6 0 0 1 0 0 1 4 2 6 2 0 19 0.24
22 5 0 0 5 3 0 8 0 21 0 4 0 8 0 0 2 5 16 7 5 6 2 5 17 0 7 3 4 10 0 3 19 0.43
5 4 10 9 0 9 14 5 4 1 19 0 23 1 15 1 0 13 7 10 18 8 1 0 12 0 2 3 0 0 4 1 0 0.46
0 6 0 54 0 39 0 0 22 8 19 0 0 34 0 40 0 39 1 0 0 0 49 0 47 31 12 48 0 0 0 11 34 0.46
2 0 2 1 2 0 0 0 2 1 0 0 4 0 3 0 0 0 0 0 0 0 0 0 2 2 3 3 1 0 0 0 0 0.08
10 9 4 5 4 0 3 0 15 3 0 0 6 10 4 5 1 7 3 13 6 5 12 0 2 6 0 0 3 1 4 0 2 0.4
0 4 6 0 0 0 5 0 0 8 11 0 1 0 1 7 6 0 0 1 5 2 8 0 0 0 1 0 1 4 0 9 10 0.26
1 0 0 4 0 0 0 1 0 1 0 0 0 1 0 0 3 3 0 0 4 0 0 1 0 0 1 4 1 3 1 0 0 0.08
0 1 0 1 1 0 12 0 0 0 0 0 8 0 3 13 9 1 2 0 1 4 0 6 0 0 0 13 10 8 1 0 0 0.26
7 1 3 5 0 6 12 0 3 1 1 1 1 1 4 2 12 2 3 7 15 1 13 0 4 21 7 0 6 11 2 5 8 0.42
2 0 6 8 5 0 1 0 3 0 6 11 15 3 22 13 13 3 0 0 3 21 22 0 2 7 0 24 0 0 7 0 3 0.42
2 1 1 4 0 3 12 0 0 3 16 15 0 0 7 0 7 10 9 5 2 0 0 13 7 0 3 0 7 1 0 2 23 0.37
0 0 0 0 0 2 4 0 3 6 2 0 3 0 1 0 0 0 0 1 0 3 0 4 0 0 1 0 0 0 0 0 2 0.09
50 0 39 0 0 84 6 159 0 16 25 38 40 35 39 76 0 43 94 42 0 60 0 34 0 0 0 20 0 0 50 0 100 0.59
0 0 0 2 2 0 11 0 6 6 0 3 4 4 0 2 0 0 4 2 0 2 0 0 13 0 0 0 8 8 2 0 0 0.22
13 0 0 0 0 4 0 3 0 0 0 6 0 0 0 5 11 8 0 1 0 5 8 0 1 1 19 1 0 3 0 0 0 0.23
0 3 7 5 12 0 0 0 1 10 0 12 5 0 4 3 13 14 0 8 0 0 6 9 2 0 3 7 2 0 7 0 8 0.39
35 33 0 0 0 37 22 0 0 27 30 47 19 44 0 25 99 0 0 0 37 0 47 42 0 31 160 35 0 13 11 45 0 0.6
0 0 34 66 44 49 33 40 23 29 0 24 38 49 0 0 0 0 0 0 0 0 27 43 0 0 17 31 24 0 43 32 0 0.54
0 1 0 0 0 0 2 0 0 0 0 0 1 0 0 0 3 0 0 0 0 0 0 0 2 0 0 5 0 1 0 0 3 0.05
0 0 0 9 3 0 0 0 3 0 2 10 3 0 5 0 0 0 2 0 12 0 0 0 6 0 0 7 0 0 2 0 3 0.19
0 0 0 1 2 0 0 3 0 0 0 0 0 2 0 0 0 0 2 1 0 1 2 5 0 0 2 3 0 0 0 0 0 0.07
33 0 0 0 0 40 0 37 42 0 0 9 0 27 70 0 64 0 0 0 5 7 0 0 0 2 10 16 0 0 0 0 3 0.35
0 4 0 2 0 0 2 0 0 0 2 0 0 0 0 3 0 0 0 0 0 0 3 0 4 1 0 2 0 6 2 1 4 0.1
3 0 0 9 0 0 13 0 0 6 6 7 0 10 0 0 0 11 0 2 5 6 2 0 0 0 0 0 17 0 8 10 10 0.34
2 4 2 10 0 3 8 9 0 1 0 4 17 0 0 3 0 0 0 0 3 10 14 0 10 7 0 1 9 3 10 0 3 0.36
2 0 0 0 0 0 0 0 0 0 5 0 3 2 2 2 0 3 0 0 0 0 4 0 0 0 0 5 4 0 0 0 0 0.09
4 4 1 3 0 6 0 5 3 1 6 2 11 13 18 0 2 0 10 4 22 5 1 0 0 7 7 3 10 3 0 6 0 0.4
0 3 2 0 0 0 0 0 2 0 0 0 1 3 0 1 0 0 0 0 2 0 0 0 5 0 5 0 3 0 0 2 1 0.09
3 0 4 4 3 0 0 0 2 0 1 3 1 0 0 1 0 0 0 1 0 4 2 0 2 2 0 0 0 0 0 5 1 0.11
0 5 4 2 3 2 1 3 0 3 0 0 0 2 0 0 0 0 0 0 0 0 4 4 0 0 3 0 0 0 6 2 0 0.13
2 0 1 0 0 0 0 0 0 1 2 0 0 2 0 2 0 3 0 0 0 3 0 0 1 0 0 0 4 1 1 0 0 0.06
0 0 0 0 0 0 6 0 0 1 0 0 0 0 2 0 0 6 0 3 0 0 1 0 0 3 1 1 0 3 0 1 0 0.08
18 0 0 4 1 6 0 1 0 2 0 7 2 0 0 5 0 3 9 1 6 9 0 10 16 0 1 4 0 3 0 1 5 0.3
4 4 1 7 4 0 12 2 3 2 3 11 6 11 0 11 17 7 13 4 1 3 1 16 10 0 2 4 0 0 22 13 1 0.48
36 0 147 1 5 10 39 18 37 6 31 39 8 18 30 18 0 35 0 39 57 0 0 14 0 95 36 0 5 42 0 22 18 0.68
2 2 1 2 0 3 2 3 0 3 0 0 0 4 0 0 0 1 0 0 0 4 2 1 0 0 0 0 3 0 2 4 0 0.11
0 0 1 0 3 0 0 0 0 3 0 2 0 4 0 0 0 3 0 1 3 0 0 3 0 1 1 0 0 0 2 3 0 0.09
7 12 3 1 0 1 2 4 10 0 15 1 5 12 2 8 0 0 10 0 0 7 0 0 0 0 0 2 7 11 0 2 9 0.36
29 27 27 0 28 0 0 0 0 2 2 10 0 33 39 13 48 36 0 35 0 44 38 0 40 34 30 54 49 71 24 11 0 0.64
0 35 34 83 21 0 34 50 0 50 91 0 43 45 0 43 34 0 21 6 8 0 17 81 0 36 0 0 128 33 30 31 32 0.67
13 1 9 0 2 2 0 0 3 14 2 0 22 0 0 1 4 0 2 8 9 6 3 8 1 2 0 4 20 0 0 2 5 0.34
12 1 8 0 1 4 5 2 3 1 3 14 9 0 14 11 9 2 2 3 4 0 22 14 0 10 2 0 1 3 14 10 5 0.47
0 5 19 0 9 9 5 22 0 10 6 1 1 1 0 3 16 0 1 0 3 1 3 0 0 1 5 2 2 7 10 2 1 0.35
13 0 0 3 11 2 1 0 0 0 9 1 3 0 6 0 0 0 0 2 8 0 5 4 14 0 7 0 8 0 3 0 1 0.28
0 0 0 1 0 2 0 0 0 0 0 0 2 2 4 5 0 4 4 0 5 0 0 0 1 0 1 0 0 2 0 3 0 0.1
1 3 0 0 0 0 3 2 1 2 0 0 1 0 0 3 3 0 0 0 0 4 0 0 0 0 4 0 2 0 4 0 2 0.1
0 0 0 0 1 0 2 0 1 1 2 0 0 0 2 0 1 4 0 0 1 3 0 0 0 0 0 0 3 2 2 0 4 0.08
6 1 5 0 3 4 1 0 2 1 0 1 4 1 3 2 3 11 3 6 11 5 2 0 6 3 6 6 1 0 1 1 10 0.32
9 1 1 15 0 0 5 12 8 6 19 1 3 0 0 0 0 7 7 2 8 2 6 0 0 0 3 2 0 1 6 0 6 0.34
2 12 0 0 0 0 5 0 1 1 9 0 19 0 0 2 9 0 2 3 3 0 0 0 0 8 0 0 2 7 0 0 9 0.25
84 79 0 1 20 150 36 36 148 0 29 48 133 33 18 4 60 60 0 39 41 45 0 0 0 0 37 42 52 18 0 29 54 0.71
1 20 35 40 0 14 33 28 0 0 155 35 6 37 0 35 0 58 38 39 0 40 36 34 0 90 10 35 38 0 0 0 26 0.65
16 60 37 0 40 35 16 0 38 51 40 37 37 36 40 5 43 24 38 33 0 24 4 0 0 44 45 37 41 51 0 30 0 0.75
0 1 0 0 0 0 0 0 0 0 0 5 0 2 6 0 0 2 0 0 0 2 0 0 2 0 3 0 2 1 2 2 0 0.09
0 3 5 0 4 0 0 0 0 0 2 0 0 0 0 0 0 1 4 0 0 3 0 0 0 0 0 0 3 1 4 3 0 0.1
1 12 8 10 2 10 2 0 0 4 0 0 3 7 0 6 1 0 2 0 0 0 2 4 0 5 0 0 0 2 3 1 0 0.25
31 41 3 34 0 8 38 24 0 0 16 32 47 9 0 0 0 27 40 0 0 33 24 44 20 42 25 53 0 17 0 15 23 0.66
0 3 4 0 11 0 0 1 4 4 0 0 3 0 10 6 0 0 14 0 11 7 2 4 0 9 0 2 6 0 6 12 5 0.35
2 0 2 1 0 4 10 0 0 8 0 5 3 0 0 0 6 0 0 2 0 0 1 2 0 4 0 0 0 7 3 0 17 0.21
16 10 10 2 10 2 0 11 0 0 3 11 0 24 0 0 5 0 0 5 3 6 12 13 22 0 0 10 3 2 12 3 12 0.49
0 0 7 2 21 0 2 1 9 8 4 17 6 9 0 4 0 1 0 0 5 2 2 17 3 0 3 3 17 0 0 2 8 0.36
5 0 0 2 4 23 6 20 9 3 6 12 2 1 21 9 1 1 2 2 5 13 21 3 1 3 4 2 0 0 1 1 4 0.41
14 1 1 5 4 10 2 0 8 0 9 0 1 0 0 2 8 0 4 2 1 7 6 4 3 2 3 0 2 0 0 19 3 0.32
0 0 46 9 39 0 0 0 0 55 11 43 36 0 51 48 0 32 49 6 39 0 0 0 0 45 0 0 22 0 0 34 16 0.5
0 58 32 6 0 33 45 0 27 48 3 43 11 36 37 0 47 45 32 0 99 50 0 0 51 46 0 26 0 32 40 0 0 0.63
12 0 0 13 33 18 0 0 0 41 11 46 2 0 49 0 137 0 96 44 0 34 33 0 0 53 42 41 39 11 0 0 34 0.58
68 36 0 0 0 42 0 36 0 0 42 150 47 39 31 36 34 0 36 40 0 50 157 0 0 50 0 57 0 0 0 0 31 0.54
58 3 34 0 35 7 51 0 0 0 0 50 31 46 0 0 0 0 75 21 3 0 19 8 0 28 0 0 2 0 50 31 0 0.46
0 11 14 2 0 6 6 0 0 8 0 0 10 5 8 0 13 0 6 14 6 1 4 5 5 2 19 14 0 19 0 0 13 0.46
7 1 1 0 0 11 0 14 1 0 10 9 12 1 8 4 0 18 14 14 13 11 1 7 1 0 0 0 10 0 1 5 0 0.44
22 2 2 11 5 12 1 15 0 0 2 1 4 3 3 0 1 0 0 1 9 10 8 0 10 7 0 0 0 0 2 5 1 0.35
10 1 0 0 1 0 11 0 0 0 0 6 2 15 2 2 1 1 8 8 3 1 2 0 0 10 11 0 13 9 0 1 0 0.32
0 0 0 0 0 0 0 0 0 0 0 0 0 6 0 1 4 2 1 0 0 0 4 0 2 3 0 6 4 0 1 0 0 0.1
0 50 24 6 13 36 36 44 37 75 0 0 10 0 0 0 36 0 0 0 4 0 41 0 18 0 26 7 28 0 137 32 0 0.53
32 0 0 50 14 40 47 0 0 0 117 5 119 22 9 0 64 0 22 0 0 32 13 16 0 0 0 8 0 0 22 36 0 0.52
4 0 3 0 0 0 0 4 0 4 0 0 2 0 0 0 4 2 0 4 0 0 0 0 0 1 0 2 0 0 4 0 3 0.11
0 8 9 10 0 3 3 3 2 0 0 3 5 2 1 4 8 0 8 22 4 12 6 4 0 0 5 6 2 4 5 0 5 0.39
0 2 4 0 0 4 0 0 0 0 5 3 0 0 3 0 6 0 0 0 0 0 0 0 5 0 1 0 0 0 0 0 0 0.1
2 2 0 5 0 0 0 1 0 0 3 6 6 1 10 9 14 6 0 10 1 2 0 10 7 13 19 3 0 2 4 7 0 0.38
33 0 0 68 29 0 37 0 0 16 33 74 0 0 18 38 0 13 0 27 0 47 0 0 0 0 41 0 0 0 38 0 0 0.42
42 0 0 0 27 0 59 11 0 33 27 24 24 18 0 40 0 0 5 3 0 5 0 34 0 16 0 0 27 0 0 81 0 0.46
12 7 27 39 27 0 99 0 37 0 20 32 0 139 0 10 38 7 0 0 24 0 0 36 0 13 0 0 0 77 15 0 35 0.55
0 0 46 41 18 47 37 40 0 0 0 0 31 66 38 0 0 12 32 0 0 32 55 0 35 34 0 98 33 34 0 49 41 0.6
0 0 25 31 0 38 0 21 15 1 0 0 36 10 0 30 17 37 0 0 37 28 0 32 0 0 33 2 0 0 0 0 31 0.46
0 2 0 3 0 0 0 0 0 0 1 0 3 0 4 4 2 0 2 0 0 0 2 0 0 0 2 3 6 3 3 6 4 0.15
6 1 0 5 2 2 0 5 9 3 2 10 2 5 0 6 10 11 0 9 6 0 6 10 4 5 5 0 4 3 0 0 1 0.39
7 2 3 6 0 13 4 2 0 1 9 2 2 2 0 1 0 0 6 0 0 4 0 6 15 6 0 0 8 0 3 1 22 0.31
12 1 6 16 2 9 0 3 13 10 3 4 15 5 1 1 3 0 0 0 2 7 1 0 2 18 11 13 4 4 6 4 0 0.44
0 38 18 41 0 0 19 0 151 0 13 35 51 0 40 0 0 0 0 31 6 0 31 0 98 0 33 0 0 0 59 0 6 0.46
12 4 17 3 1 0 3 8 0 11 7 0 6 1 0 10 0 0 0 5 7 1 3 8 0 2 0 2 0 7 11 1 0 0.36
0 0 40 36 0 2 27 0 16 39 50 19 11 44 0 0 60 41 36 40 23 0 43 41 0 0 48 0 0 39 53 33 0 0.61
1 0 2 1 6 3 0 0 0 0 0 1 0 0 3 0 0 0 3 6 0 1 0 3 2 0 0 0 6 0 0 0 0 0.11
46 0 45 37 0 0 8 0 45 0 0 22 0 0 25 0 0 33 31 45 39 38 5 49 41 18 34 0 36 5 0 31 34 0.6
3 4 2 3 2 0 17 0 2 2 1 2 1 13 2 3 13 0 17 0 2 17 2 0 0 0 0 1 0 10 1 3 13 0.32
0 0 20 7 39 51 0 0 30 50 0 12 34 37 8 0 0 35 51 31 0 0 0 26 2 18 10 0 0 5 0 6 159 0.53
2 2 1 3 0 1 6 0 9 0 7 2 6 0 2 22 0 9 16 0 1 4 3 8 0 4 0 2 12 11 4 1 0 0.35
0 0 3 3 3 6 12 7 7 9 6 1 0 6 6 4 0 0 4 0 6 0 3 2 1 4 7 1 21 14 0 3 3 0.37
0 0 41 17 0 0 33 56 33 33 58 0 25 87 0 15 25 32 43 4 101 26 34 38 0 30 0 0 34 0 8 0 26 0.64
2 2 0 0 0 1 0 0 5 0 0 0 4 0 1 5 0 1 0 0 2 0 3 0 1 3 0 0 3 2 4 0 0 0.11
4 0 23 3 2 6 0 8 1 0 3 1 0 3 0 9 5 11 7 3 9 4 3 10 14 5 1 3 2 7 10 9 6 0.46
0 37 0 0 0 0 0 16 16 22 0 0 0 20 91 0 35 16 3 2 44 31 11 0 0 38 0 0 79 32 0 40 46 0.5
0 0 0 25 0 18 23 0 0 144 0 31 16 31 0 20 35 0 35 8 43 109 26 2 4 35 36 38 0 51 64 52 0 0.61
39 11 8 52 0 0 38 0 50 16 38 0 2 26 15 4 21 0 0 1 8 0 34 0 37 52 44 0 56 0 0 0 34 0.55
3 13 2 0 9 2 5 0 8 7 0 10 10 5 0 0 0 0 8 0 0 0 0 9 0 8 10 0 9 0 3 0 0 0.35
14 0 13 8 16 1 0 10 12 0 11 7 3 4 6 5 0 4 0 13 2 2 13 0 0 0 0 0 0 7 0 3 5 0.41
3 14 11 0 6 14 0 7 0 0 14 0 5 0 0 3 0 19 5 12 9 2 0 4 0 2 16 3 4 3 3 0 0 0.39
0 2 3 2 0 7 6 5 1 6 4 15 2 2 2 0 7 0 0 6 0 1 0 0 0 0 10 0 0 4 0 0 7 0.26
1 4 0 5 8 0 4 0 6 3 0 4 6 10 10 2 0 23 8 20 3 4 0 9 5 7 1 0 2 1 6 6 2 0.41
6 2 10 0 6 0 17 7 4 13 3 0 0 9 0 0 1 9 22 3 4 1 8 0 18 6 0 1 24 1 4 1 7 0.43
2 0 0 28 0 47 58 79 11 0 0 14 0 20 33 40 0 59 21 39 12 16 0 86 11 34 33 0 0 18 40 34 26 0.67
5 6 0 3 0 0 9 9 8 2 0 4 0 8 9 19 0 4 0 0 6 3 3 3 1 0 9 1 22 6 6 3 0 0.38
1 0 0 1 0 0 18 0 4 0 11 0 11 11 7 6 2 17 0 0 2 2 6 0 16 8 0 0 0 0 0 8 0 0.32
0 0 0 0 0 0 0 1 1 0 4 0 0 0 0 1 0 1 3 1 0 0 0 3 0 2 3 2 0 2 4 0 0 0.08
12 3 0 2 0 6 3 8 6 3 6 0 10 8 5 2 0 0 0 2 0 0 1 6 0 2 6 8 9 14 10 1 0 0.38
0 6 18 0 4 19 6 1 0 0 10 8 9 3 1 12 2 1 0 2 6 0 9 0 12 4 2 12 24 0 3 6 18 0.46
13 13 1 5 3 2 0 0 2 17 0 17 2 2 8 1 0 4 0 0 0 15 3 8 9 0 0 0 0 0 6 2 0 0.32
6 14 0 10 14 4 0 0 3 14 17 0 2 0 1 17 0 1 0 3 0 0 12 9 0 0 3 0 2 0 1 0 9 0.34
0 0 0 11 2 0 4 7 0 4 0 5 5 1 0 5 0 0 8 0 1 1 0 6 12 1 14 0 0 7 5 18 1 0.31
2 2 9 1 12 3 7 0 6 7 0 0 2 0 1 2 0 3 0 0 0 10 4 1 1 3 10 0 7 0 1 2 0 0.28
10 0 6 9 0 0 9 3 5 0 0 0 0 9 2 1 7 2 0 15 0 0 13 2 3 0 2 2 0 6 0 2 2 0.3
10 15 0 3 27 0 26 0 0 38 47 25 41 50 1 0 15 68 0 0 33 0 0 0 0 43 97 24 11 0 0 20 8 0.55
3 6 0 1 0 6 0 2 0 0 0 0 0 0 0 0 0 0 0 0 0 0 0 0 4 4 3 0 0 3 0 0 1 0.09
50 17 14 80 0 0 42 3 2 0 0 148 31 0 0 3 19 26 36 0 39 36 0 39 0 0 0 1 0 38 0 0 30 0.48
0 0 2 1 0 0 0 0 3 0 0 0 1 0 4 0 0 0 0 1 3 0 3 0 2 0 3 0 3 0 0 0 1 0.08
6 1 0 0 2 2 0 0 0 0 1 0 6 1 0 6 0 0 0 0 0 0 2 0 0 0 1 0 0 0 0 3 2 0.1
0 25 10 39 36 40 0 33 45 4 0 0 0 0 29 4 12 3 0 53 0 65 0 0 31 51 48 93 0 47 30 39 0 0.57
3 0 11 9 9 7 2 4 0 9 0 18 0 14 8 3 4 0 10 10 0 0 4 0 0 4 0 0 11 0 1 13 0 0.41
2 10 2 1 0 18 23 10 1 2 0 2 5 0 0 2 4 0 0 0 3 1 5 3 11 13 5 4 2 1 4 17 0 0.36
0 6 3 0 0 1 0 0 0 0 3 0 2 3 0 0 0 0 3 0 0 0 0 6 0 0 0 4 0 0 2 0 0 0.1
17 3 1 14 0 0 1 0 0 3 0 0 17 0 10 2 6 0 4 0 0 0 12 0 8 2 0 13 0 11 0 1 3 0.31
1 4 4 0 1 0 0 0 0 0 0 6 1 0 1 0 0 4 4 0 0 0 1 5 0 0 0 0 3 0 0 0 1 0.1
3 0 3 0 2 4 5 0 2 0 0 0 0 2 4 2 0 1 0 0 0 3 1 6 0 5 2 0 0 0 0 1 3 0.14
0 0 2 4 6 0 0 3 0 2 0 0 4 0 3 0 0 0 1 0 1 3 0 0 0 1 0 0 3 0 3 0 0 0.1
0 6 0 0 17 10 0 0 13 0 10 0 10 2 15 2 0 0 0 3 3 0 3 0 21 5 2 5 4 9 2 8 0 0.37
0 9 10 6 4 1 3 5 4 5 2 3 8 13 3 4 2 23 3 8 0 3 0 2 12 3 7 1 0 3 4 0 1 0.4
28 34 90 12 21 63 42 5 31 31 17 0 0 7 0 0 0 40 0 76 0 1 0 0 0 0 0 17 27 51 0 18 0 0.52
0 98 28 32 25 25 10 0 0 39 0 12 17 29 36 0 42 51 31 40 15 0 110 33 0 0 35 0 0 7 97 33 0 0.65
0 11 0 4 0 0 4 10 16 0 0 3 5 9 15 11 12 5 0 0 8 0 8 3 11 1 2 0 0 2 4 0 1 0.39
15 0 7 0 9 12 0 5 9 0 17 9 9 10 0 0 0 13 0 14 2 8 7 0 1 0 1 0 0 14 7 0 11 0.46
16 9 2 4 0 0 4 9 3 6 9 3 8 0 0 3 4 6 7 3 0 0 6 0 8 1 0 1 3 0 1 2 0 0.33
0 0 103 26 37 91 40 31 4 62 44 0 50 0 38 0 65 0 56 38 23 0 29 25 0 36 0 14 0 27 36 13 45 0.67
3 3 4 0 0 0 0 3 4 0 3 0 0 0 6 4 0 0 1 0 0 0 0 0 0 0 0 0 0 0 1 0 0 0.09
0 3 0 2 15 0 0 0 0 14 0 2 1 0 2 0 6 0 0 10 2 16 0 0 4 7 0 3 0 2 4 1 3 0.24
14 0 13 3 6 6 10 15 2 4 8 10 19 4 2 4 0 0 0 4 12 0 0 20 0 17 10 2 10 19 2 2 5 0.52
1 3 1 14 3 9 21 1 9 5 6 9 2 4 20 4 0 5 0 0 3 0 8 3 0 17 8 0 2 3 4 9 22 0.46
3 10 7 0 2 12 0 1 0 5 0 1 0 3 0 11 10 0 0 0 0 0 15 14 1 0 12 0 0 19 3 1 0 0.32
22 0 0 19 51 0 91 97 0 49 24 18 0 24 0 36 31 20 0 19 0 34 0 4 27 45 11 18 0 32 20 0 0 0.61
0 0 0 1 0 0 3 0 0 0 0 0 2 0 0 0 0 0 3 0 0 0 3 0 0 2 0 3 2 5 3 0 3 0.09
0 5 0 23 0 46 0 22 0 0 2 0 38 0 130 42 0 47 0 33 36 0 0 0 8 0 50 1 18 0 0 0 41 0.41
45 0 71 37 79 54 0 2 99 11 0 23 21 0 0 28 0 32 33 0 0 0 23 72 17 32 35 0 12 0 0 0 0 0.55
0 0 0 2 0 0 0 0 2 0 0 0 2 0 2 0 3 5 3 0 2 6 0 2 2 0 0 0 0 0 2 0 0 0.1
23 7 0 4 1 1 14 0 7 0 7 3 6 4 16 0 13 3 20 1 15 5 0 10 1 10 5 9 7 3 16 3 0 0.5
6 6 0 10 0 9 1 5 17 0 14 12 2 6 0 10 0 0 2 3 13 1 2 23 0 0 3 2 2 3 4 0 0 0.38
0 0 0 0 0 3 0 3 0 0 0 0 0 2 0 0 4 0 0 0 0 0 1 0 0 0 0 6 0 0 0 0 0 0.05
0 2 6 5 5 9 14 8 0 4 8 1 3 0 7 0 1 10 2 3 24 3 0 0 14 3 1 9 2 14 5 0 1 0.41
0 0 0 14 6 0 17 0 5 0 0 1 14 0 2 0 0 7 11 3 13 0 7 0 5 9 1 0 2 5 0 5 0 0.32
6 0 4 2 0 1 0 0 1 0 6 0 0 0 1 2 0 0 0 2 1 0 3 0 2 3 0 0 0 3 0 0 3 0.12
10 2 0 0 2 6 0 0 2 4 3 12 1 0 7 1 14 3 0 13 0 0 6 2 15 3 5 3 1 10 1 21 2 0.37
3 18 0 3 15 10 1 0 0 0 17 1 13 11 2 10 3 8 0 8 18 0 0 0 3 1 1 0 0 0 1 3 3 0.36
0 17 0 3 5 8 0 11 9 0 0 1 0 16 0 10 0 0 0 0 6 12 0 19 0 0 7 3 0 8 0 0 12 0.36
24 0 0 0 0 0 16 0 43 31 37 0 49 0 0 28 24 18 0 0 24 0 0 51 19 0 10 38 10 0 22 72 0 0.51
7 0 0 7 0 6 0 4 0 5 15 18 2 2 0 0 16 11 0 0 1 13 2 13 7 13 9 0 0 5 10 1 6 0.43
1 5 14 1 6 3 5 0 3 4 0 2 0 10 5 2 11 11 1 2 3 1 0 10 0 4 4 4 14 3 0 21 0 0.39
8 8 0 6 2 0 6 0 13 4 19 2 4 8 0 12 10 0 0 9 7 5 0 2 0 0 0 3 0 10 5 2 5 0.41
6 2 14 5 0 8 6 1 22 4 23 9 19 6 0 0 0 0 4 1 9 6 2 6 3 0 2 0 0 0 3 0 0 0.37
1 0 3 13 0 3 0 0 0 5 8 1 3 0 18 0 0 8 0 1 3 0 8 6 3 14 0 0 8 0 0 9 14 0.33
0 6 0 0 1 0 1 0 0 0 0 3 0 4 0 3 0 0 0 0 2 2 6 2 4 4 4 0 3 0 3 0 0 0.14
0 0 0 0 1 0 0 2 0 6 0 1 3 0 0 0 3 6 3 0 0 0 3 0 0 0 0 0 0 3 0 2 0 0.1
36 88 38 16 12 0 160 5 98 0 26 0 0 0 0 26 51 39 113 0 38 46 0 3 0 40 48 0 33 0 6 0 13 0.58
0 0 0 3 0 9 6 6 2 1 2 0 1 0 15 3 0 13 0 4 2 11 3 1 10 10 10 0 0 6 2 1 0 0.33
23 0 34 0 42 0 43 39 0 16 24 0 36 6 5 0 0 20 77 0 32 51 0 24 0 46 15 0 0 23 20 0 33 0.57
3 0 1 3 2 1 0 2 0 4 0 0 0 0 0 0 0 0 2 1 0 3 4 1 0 3 0 3 0 2 0 4 0 0.11
0 18 6 4 0 0 12 0 0 4 0 10 3 0 0 3 24 0 1 7 1 10 5 0 0 1 14 6 0 16 1 8 7 0.38
9 0 9 11 2 0 0 0 0 10 0 0 0 16 1 17 0 8 0 1 3 1 7 6 6 10 2 0 13 1 8 9 6 0.42
14 2 13 0 18 10 0 0 1 0 1 11 4 0 11 7 0 13 6 0 0 0 3 2 9 0 0 3 9 0 3 2 0 0.36
0 1 6 2 6 0 10 2 3 0 0 3 4 7 8 2 0 0 0 0 0 2 0 0 1 9 0 0 0 5 0 1 0 0.21
0 0 0 9 6 0 1 0 2 4 9 0 6 1 0 0 3 2 0 2 14 0 3 0 0 0 1 0 6 18 8 10 18 0.31
8 0 1 17 8 0 3 2 0 10 7 0 3 1 0 10 0 0 0 1 0 3 12 0 0 10 7 2 0 0 2 0 18 0.32
2 5 13 9 0 7 8 0 12 5 5 10 4 4 2 6 5 2 3 20 2 8 7 6 0 9 11 13 0 5 1 2 11 0.53
3 6 0 8 4 0 7 10 3 0 2 22 0 11 3 6 0 0 8 0 19 1 5 6 0 7 3 0 0 0 12 2 6 0.39
0 6 5 3 6 12 7 2 3 2 0 1 3 6 1 0 6 0 1 1 2 4 5 0 0 0 22 0 5 14 0 9 1 0.33
3 1 8 13 18 0 6 2 0 18 24 0 3 0 7 3 0 0 12 2 2 12 12 0 24 0 14 3 9 0 9 4 0 0.46
12 34 31 0 40 50 12 3 40 17 0 47 36 0 81 0 31 45 48 32 42 18 0 50 33 20 0 0 113 0 0 40 38 0.7
5 0 1 0 0 3 0 0 1 0 0 3 0 3 0 0 0 0 0 0 2 2 1 0 2 2 3 0 0 0 0 0 0 0.08
6 0 5 0 0 0 0 0 3 4 0 0 0 0 2 6 0 0 2 1 2 6 0 4 0 0 0 0 2 0 3 0 3 0.14
2 0 0 4 0 0 0 0 4 4 3 9 8 4 10 0 9 10 2 2 6 1 0 9 0 0 10 1 6 0 11 9 5 0.38
0 0 4 2 0 2 6 22 3 0 1 3 0 0 6 0 0 3 12 13 1 0 5 2 4 8 2 0 3 3 14 4 4 0.32
0 0 0 0 2 0 2 0 1 0 0 0 2 0 0 1 4 3 2 0 2 0 4 1 3 3 0 0 0 0 0 0 0 0.09
1 0 3 6 3 4 10 5 10 0 6 7 3 11 6 0 0 2 4 0 9 12 1 0 0 5 0 3 10 1 3 8 0 0.39
2 21 0 8 2 3 0 0 0 0 0 11 6 0 0 2 9 22 0 9 1 14 1 7 1 0 1 5 0 5 4 0 2 0.32
1 1 17 0 0 0 3 19 5 0 0 6 21 7 0 0 0 9 2 0 13 8 5 7 6 12 20 2 0 0 0 6 6 0.4
0 0 1 0 2 0 0 17 0 0 0 9 1 16 2 0 9 1 9 4 0 7 10 9 2 4 2 10 4 3 0 0 0 0.33
0 16 0 50 21 5 0 34 0 0 0 108 35 11 2 37 0 33 36 35 0 0 26 23 0 20 34 13 42 0 7 11 0 0.58
4 10 4 0 17 10 41 14 104 0 24 0 0 35 39 0 0 102 46 12 0 0 18 38 20 0 0 42 0 32 0 41 0 0.56
38 30 34 0 37 41 39 38 27 31 0 2 37 0 0 35 33 0 32 33 0 28 47 0 23 55 29 0 37 33 0 0 30 0.67
2 1 3 7 6 5 8 1 0 10 2 6 17 1 2 3 0 0 7 12 0 0 0 0 0 5 0 3 0 0 3 9 0 0.31
2 1 0 18 11 10 8 0 5 14 6 9 0 2 0 13 14 8 0 2 0 0 2 13 11 13 0 0 9 17 5 0 3 0.49
0 0 2 3 0 0 0 0 0 6 0 0 1 0 0 0 6 0 1 0 0 1 0 0 1 1 1 0 0 0 0 0 0 0.06
0 4 0 0 0 2 1 0 0 1 1 1 0 0 3 0 0 0 0 0 0 0 5 0 0 0 1 0 0 2 0 1 0 0.06
1 3 5 1 0 5 11 3 0 4 4 3 0 21 6 20 3 10 1 6 21 2 19 2 3 0 7 4 0 0 1 14 3 0.41
6 3 6 7 0 0 5 2 6 4 7 8 0 0 1 10 1 11 5 10 20 3 3 0 0 5 0 21 12 0 0 0 1 0.4
0 1 2 3 2 0 0 2 0 0 2 0 0 2 0 2 0 0 0 0 1 0 2 0 1 0 6 6 1 4 1 0 0 0.11
1 0 0 0 3 3 2 2 9 0 3 13 0 1 4 23 0 3 0 2 24 1 3 0 1 2 11 0 14 0 0 0 3 0.28
6 0 0 7 1 2 0 1 0 0 4 3 0 2 5 2 18 0 3 10 8 8 3 0 12 0 0 10 4 6 0 10 2 0.35
49 77 38 34 4 0 0 4 0 0 0 34 0 0 18 65 0 0 14 27 0 0 0 0 0 19 0 49 0 32 12 0 36 0.44
2 1 0 5 1 22 0 0 1 3 1 5 14 5 9 0 4 0 10 0 2 14 9 19 2 0 0 5 1 4 3 6 4 0.37
0 0 2 0 0 4 0 0 0 0 2 0 1 0 0 0 2 0 0 0 3 3 1 0 0 0 0 0 4 0 0 0 0 0.06
0 1 5 3 5 0 3 0 0 0 3 0 0 0 1 0 0 1 0 0 0 3 3 0 1 0 0 3 0 0 0 0 0 0.09
0 0 2 3 3 1 1 0 3 0 3 2 0 4 4 0 4 0 1 0 0 3 0 0 6 1 3 0 4 1 0 0 0 0.14
0 0 0 0 0 2 0 2 0 3 0 1 5 0 0 0 0 3 0 1 5 0 4 0 0 3 3 4 4 0 0 0 0 0.12
8 0 0 0 8 3 3 0 0 8 0 0 0 0 6 0 18 1 3 0 0 4 0 11 19 0 13 0 0 0 0 0 6 0.27
0 0 1 0 0 3 0 0 0 0 0 0 4 2 4 5 1 0 0 1 0 0 4 0 0 0 0 0 0 3 0 0 0 0.08
16 0 0 0 10 0 10 6 0 0 6 0 10 3 3 0 8 11 8 0 6 0 2 0 3 11 0 3 7 13 0 9 14 0.43
0 2 0 0 0 0 0 0 0 3 1 0 0 3 0 0 0 5 6 1 1 0 0 4 3 4 0 0 2 2 3 2 1 0.13
1 1 6 0 7 0 0 2 1 0 0 0 3 1 0 5 1 0 1 2 5 0 15 0 0 12 9 1 0 23 9 0 0 0.25
0 0 0 0 3 4 2 3 0 3 0 2 0 0 0 2 3 2 0 6 0 0 0 4 0 4 0 0 5 1 0 4 0 0.14
7 12 0 14 5 18 4 1 0 0 13 3 0 18 0 0 3 0 0 0 0 0 0 0 0 3 0 0 0 11 6 7 6 0.31
0 0 1 5 0 0 1 0 3 0 0 0 1 2 1 0 0 3 0 0 0 0 5 1 4 0 0 0 0 0 6 4 0 0.11
11 0 0 18 19 0 0 16 41 0 25 0 22 31 18 40 44 96 17 0 7 20 0 37 44 4 35 35 42 49 44 27 61 0.73
11 0 0 1 0 0 0 0 0 6 2 6 6 1 7 9 13 13 7 4 5 3 0 0 0 0 3 3 4 4 10 0 0 0.33
0 38 40 31 0 10 36 31 0 44 0 12 0 33 40 40 8 0 39 0 0 0 0 34 0 14 0 42 37 13 0 38 0 0.56
0 0 0 0 18 9 18 3 2 0 3 9 1 0 0 11 2 0 0 3 0 0 16 0 0 3 3 0 0 0 2 1 0 0.24
0 0 4 5 0 3 0 3 0 0 4 0 0 1 0 0 1 4 0 3 2 6 0 0 0 2 6 4 0 0 0 0 4 0.15
0 0 0 0 0 0 0 0 0 0 4 0 0 1 0 1 4 0 1 2 0 2 1 0 0 4 0 1 0 0 1 0 0 0.06
5 0 3 9 4 0 8 0 9 5 0 10 1 0 3 0 0 0 10 0 13 3 4 1 0 0 3 5 0 2 5 20 5 0.34
3 4 2 0 2 2 0 0 0 0 2 0 0 0 0 3 0 0 2 2 2 2 3 0 2 0 2 1 0 1 0 0 0 0.1
2 6 9 1 10 4 0 1 0 0 0 1 0 0 0 2 1 2 1 0 0 0 1 0 3 9 3 0 3 2 0 0 3 0.19
3 4 8 1 3 0 18 0 2 0 0 0 0 0 0 18 1 0 3 0 3 0 0 0 6 0 0 4 18 0 9 5 0 0.24
3 0 6 4 0 0 0 0 3 0 3 0 0 0 0 0 2 0 3 2 0 0 0 0 3 0 0 0 0 0 0 0 1 0.09
0 9 2 3 1 5 8 4 3 4 0 3 3 4 4 20 19 1 8 0 4 2 6 1 4 0 5 11 4 1 5 4 3 0.39
0 0 33 0 40 37 20 35 154 22 139 22 0 0 35 0 0 58 0 39 0 4 8 0 36 0 0 42 0 15 0 21 39 0.55
23 31 0 50 34 47 0 0 35 0 38 34 45 0 2 28 51 47 16 15 0 33 0 14 36 0 0 23 0 25 33 0 0 0.61
8 0 0 14 0 0 0 2 1 10 10 8 13 5 0 0 8 7 1 13 5 0 6 0 0 7 0 0 1 0 6 0 2 0.35
3 18 5 6 0 0 0 12 0 10 2 0 1 0 1 8 0 0 0 0 0 0 19 0 0 1 3 15 1 0 3 5 10 0.3
5 1 0 0 23 0 8 2 0 0 13 15 14 6 4 2 3 10 10 0 1 1 3 0 2 2 0 8 3 0 2 11 18 0.4
0 0 18 0 34 25 34 0 0 0 0 0 33 38 0 13 5 42 0 40 35 0 84 41 43 41 34 0 31 35 97 17 34 0.62
2 0 6 12 4 0 23 0 0 2 11 1 5 1 3 6 0 2 19 2 8 4 2 1 2 12 10 1 0 3 2 7 0 0.37
0 0 0 6 0 2 3 1 12 4 0 0 13 0 0 0 2 0 2 10 14 0 1 5 0 9 3 11 7 3 7 0 3 0.32
0 12 0 34 43 41 47 36 3 38 34 0 0 84 38 0 46 2 0 34 3 26 37 0 0 0 14 0 2 0 0 50 51 0.54
33 20 0 0 0 0 0 0 9 0 40 0 23 36 45 0 26 36 33 48 0 33 0 4 14 39 32 0 1 20 0 28 17 0.55
0 23 1 9 10 2 3 14 2 0 3 22 4 6 0 14 9 0 9 0 3 3 3 3 0 0 5 19 0 11 0 5 6 0.44
17 56 5 17 0 17 0 30 0 20 0 0 0 48 0 11 0 0 37 35 42 33 9 0 0 0 0 0 0 60 0 39 36 0.49
0 0 0 0 0 0 0 2 4 0 1 2 0 0 0 4 3 4 0 0 0 4 0 0 0 2 0 1 0 0 0 0 2 0.08
7 0 1 0 14 2 0 0 8 0 0 13 0 9 0 6 3 3 5 0 0 0 0 9 0 9 5 0 9 0 18 2 5 0.34
2 1 1 0 4 2 1 7 3 6 12 2 3 3 2 4 11 4 10 6 0 0 5 5 1 0 4 0 12 14 0 4 2 0.36
0 0 6 10 4 13 1 2 3 3 13 6 1 0 4 0 2 4 0 1 0 3 9 0 1 2 16 13 4 3 10 13 0 0.39
10 12 5 0 10 3 0 8 3 9 0 5 5 3 1 0 1 8 7 0 0 14 10 0 0 3 0 3 0 2 0 13 4 0.39
26 7 5 77 0 22 0 0 56 47 27 11 0 38 0 103 0 35 3 5 0 12 43 0 25 5 4 50 0 26 19 37 0 0.6
1 0 0 0 0 0 0 0 0 0 0 0 2 3 3 5 4 0 5 0 0 0 2 0 4 0 0 0 0 4 0 0 3 0.1
0 22 39 0 25 10 31 0 0 0 11 28 32 11 9 0 50 50 0 26 16 0 18 39 12 0 0 32 38 32 0 11 29 0.66
0 12 0 12 1 0 0 0 2 7 5 1 4 15 11 0 3 3 0 0 2 5 1 3 1 23 0 2 5 22 0 4 19 0.36
9 45 20 0 9 37 14 11 160 0 32 34 44 23 26 36 0 134 0 0 0 35 31 48 31 18 50 5 0 45 0 33 16 0.73
2 0 12 2 4 4 0 0 5 7 7 2 0 0 13 1 7 12 0 0 10 3 2 11 11 0 8 14 2 0 0 3 9 0.41
0 4 3 0 0 0 0 4 1 0 0 0 0 0 0 0 0 1 1 5 4 0 2 0 0 0 2 0 0 0 2 1 0 0.09
17 0 2 45 0 0 0 0 3 34 0 0 0 73 0 0 22 35 0 10 49 4 0 0 26 31 0 0 41 0 0 20 37 0.42
0 3 14 0 1 9 5 6 13 8 0 10 9 3 8 19 0 0 0 5 0 0 0 2 1 0 5 12 3 2 19 6 4 0.42
2 0 1 3 0 3 0 2 0 0 2 0 0 1 0 0 0 3 3 0 0 0 3 0 0 0 0 0 0 0 0 2 0 0.07
3 0 15 4 0 3 3 12 0 8 2 0 0 1 0 12 2 0 5 3 0 0 1 10 2 3 13 0 0 13 9 2 4 0.34
2 4 2 3 0 9 3 13 2 0 11 1 0 1 18 3 1 7 5 4 14 2 0 0 4 10 18 6 5 1 1 0 4 0.39
0 0 3 3 0 0 0 3 1 4 1 1 0 0 0 0 0 0 1 2 0 0 0 0 0 0 0 1 1 4 0 2 2 0.08
25 0 0 10 41 19 0 21 28 9 27 2 4 0 39 0 0 13 0 46 13 128 17 0 0 38 26 47 0 2 45 0 26 0.59
1 66 110 0 0 0 21 0 0 8 40 0 2 126 0 0 0 53 13 0 57 0 0 0 49 0 27 0 128 0 0 46 17 0.42
0 0 0 0 0 0 0 0 0 0 0 0 3 0 3 0 3 0 0 2 0 3 0 0 2 0 0 0 3 4 0 0 1 0.07
2 2 0 18 15 0 0 1 11 8 6 0 8 0 13 7 2 2 0 0 7 14 3 0 2 0 0 2 2 0 18 0 0 0.34
0 18 0 5 0 1 0 8 0 8 0 2 0 0 0 0 0 5 7 6 8 14 3 5 6 0 2 1 17 1 1 9 0 0.32
10 13 0 0 10 1 12 9 5 2 23 0 3 12 12 6 7 2 12 15 9 3 5 15 7 3 1 16 6 3 4 14 2 0.6
0 0 8 0 4 0 3 11 4 7 4 2 0 0 1 9 2 6 0 3 8 2 3 5 0 6 8 0 2 6 6 7 3 0.36
0 8 0 2 0 11 11 7 0 11 0 6 1 4 10 11 0 0 9 0 0 14 5 14 0 2 7 0 0 3 5 0 0 0.39
0 0 1 0 0 0 0 0 0 2 4 0 0 3 3 0 0 0 0 1 5 0 4 6 1 3 0 0 0 0 0 4 0 0.11
2 0 0 0 0 0 3 3 1 0 3 5 4 0 6 0 1 3 0 0 3 0 0 0 0 2 0 2 0 0 0 0 0 0.11
9 5 0 3 4 1 7 3 10 0 10 14 2 3 0 3 4 5 0 0 0 10 1 9 2 4 8 0 0 3 2 1 9 0.38
0 3 0 0 1 0 0 4 0 3 1 0 0 2 0 0 0 0 0 0 1 1 6 0 0 0 0 1 0 0 2 0 0 0.07
1 7 0 0 10 0 0 8 2 5 14 0 1 6 0 5 0 0 0 0 5 13 1 3 6 0 0 0 1 0 0 18 3 0.28
0 0 141 0 0 0 20 12 0 0 0 13 0 116 37 34 0 0 0 0 0 147 60 0 34 36 0 0 0 0 0 15 0 0.36
0 0 0 0 2 0 0 0 10 4 3 0 4 14 4 0 0 0 0 0 1 3 1 17 0 8 0 0 0 3 2 7 0 0.21
44 0 40 0 76 11 0 0 6 0 60 10 0 15 28 0 21 15 0 47 0 41 28 0 0 31 35 4 9 0 0 61 38 0.57
0 2 4 2 1 0 3 1 0 1 0 3 0 1 2 0 0 0 6 0 0 0 0 0 0 0 0 0 0 0 3 0 0 0.08
0 2 0 8 1 0 10 1 14 4 0 15 0 1 3 9 0 6 5 0 2 0 2 0 0 1 0 5 0 1 0 0 0 0.24
0 0 0 0 0 12 0 0 0 0 28 19 0 38 0 33 40 32 17 0 0 136 0 38 55 18 119 40 0 0 0 0 0 0.42
3 11 1 4 5 7 0 19 7 5 7 0 10 8 0 2 0 7 10 8 0 0 10 5 0 15 5 0 0 0 5 0 9 0.44
3 0 3 0 5 0 0 1 0 1 2 0 0 2 4 0 2 0 0 1 0 0 0 4 0 5 0 4 1 0 0 1 0 0.11
0 37 45 0 0 114 0 0 0 31 0 0 0 0 33 0 21 19 0 2 3 6 36 7 0 33 36 28 0 0 2 35 0 0.42
6 0 21 7 3 2 5 1 0 0 12 3 0 5 14 6 0 8 1 3 16 6 3 2 0 7 0 10 10 0 8 0 13 0.44
0 0 120 23 29 21 0 0 8 45 98 40 31 0 8 0 10 0 52 0 30 16 0 0 31 38 0 8 2 0 0 32 11 0.56
2 0 2 3 2 0 0 0 0 4 0 0 0 3 0 2 0 0 0 2 0 0 0 3 0 5 2 0 4 3 0 4 0 0.12
12 83 0 27 51 41 0 33 5 0 0 45 30 49 0 0 2 0 46 41 35 24 0 6 19 33 0 79 15 44 0 81 95 0.64
3 5 2 3 6 1 2 3 3 13 8 3 0 0 0 13 4 0 17 15 0 1 1 23 0 7 18 0 10 0 8 0 2 0.4
12 2 2 1 0 0 1 0 19 2 19 0 0 7 3 0 0 0 0 7 1 6 0 24 7 1 3 8 7 5 3 0 5 0.33
0 33 0 13 31 29 0 0 0 32 20 0 11 22 44 40 0 17 59 27 10 28 0 1 30 0 38 24 0 0 31 0 93 0.6
3 1 1 0 4 6 6 9 4 16 15 1 0 6 3 1 3 0 20 21 0 8 2 7 0 10 10 24 1 0 6 0 6 0.44
0 2 0 1 0 0 4 0 2 0 0 0 3 2 3 0 0 1 0 1 1 2 0 2 0 5 0 0 0 5 1 0 0 0.1
0 0 0 0 4 0 0 0 0 0 1 0 0 0 0 0 0 1 0 0 4 0 0 0 0 0 0 0 1 0 0 3 0 0.04
0 1 0 0 0 5 1 7 2 12 6 9 0 10 19 0 10 0 5 0 0 14 2 1 0 3 3 5 8 0 10 0 17 0.38
0 0 0 0 0 1 1 0 6 2 0 2 0 0 3 2 0 0 0 2 1 0 4 0 2 3 0 1 3 1 0 0 3 0.11
24 35 44 0 33 0 23 41 31 40 90 0 0 28 31 0 26 18 21 0 15 11 0 33 9 21 0 0 0 35 0 0 0 0.6
3 19 2 0 0 10 0 1 7 6 8 10 0 0 13 4 0 0 0 1 3 1 9 9 0 6 0 0 16 7 3 0 2 0.36
0 4 0 2 0 0 4 1 0 0 2 4 5 0 0 0 3 0 0 0 2 1 0 0 0 5 0 2 0 0 2 3 0 0.12
23 4 14 3 4 0 2 0 1 4 1 0 0 3 0 0 17 15 9 22 7 4 8 6 11 5 2 0 0 2 2 7 0 0.4
1 0 12 0 15 9 1 2 0 0 3 0 3 3 12 0 2 5 1 1 2 9 5 4 3 21 0 0 6 3 2 0 9 0.34
0 14 2 0 0 3 3 1 0 0 1 16 4 19 1 0 0 12 0 0 8 0 7 0 2 0 2 0 1 0 4 7 0 0.26
56 32 0 96 8 0 0 41 38 31 0 134 32 7 0 56 0 36 35 19 40 39 0 41 9 0 0 12 21 33 0 41 0 0.64
1 0 0 0 10 2 0 7 10 0 0 1 12 2 9 0 0 10 12 1 4 7 0 2 2 0 0 10 1 0 1 0 0 0.3
33 17 21 14 20 43 0 22 39 157 32 38 0 19 0 0 0 28 38 105 76 29 24 0 54 34 0 0 39 0 0 0 17 0.66
49 0 25 40 20 0 0 35 0 31 20 5 72 151 46 0 0 34 105 51 146 0 4 40 0 0 1 12 34 0 0 0 137 0.57
0 0 0 0 22 5 0 60 2 0 57 0 76 19 0 0 0 35 0 5 0 0 37 0 0 5 31 0 0 0 0 0 0 0.29
0 0 0 6 18 3 0 1 0 0 14 1 0 14 3 7 0 14 0 0 19 0 0 3 0 0 9 5 2 0 4 0 1 0.28
6 0 0 3 4 6 6 0 6 22 4 3 0 0 1 0 0 1 0 0 16 2 5 0 10 1 0 10 3 5 3 0 2 0.3
2 0 6 0 0 19 7 0 0 1 8 2 0 0 0 5 5 6 1 0 6 0 5 3 2 1 2 0 0 3 0 0 0 0.22
0 1 0 0 4 0 0 5 6 0 0 2 0 2 0 0 0 0 0 4 0 0 0 0 0 4 4 0 0 0 0 0 5 0.11
0 31 25 5 1 0 0 32 15 91 2 0 0 25 0 33 0 15 107 35 156 37 34 0 28 0 3 0 15 0 49 32 0 0.54
0 1 0 1 0 4 0 0 0 4 0 0 3 0 0 1 0 4 1 0 0 0 3 2 0 0 0 0 2 0 3 0 0 0.08
3 0 0 64 11 0 0 0 0 0 0 34 6 0 12 47 50 0 0 21 21 13 17 0 0 0 0 36 20 35 45 0 8 0.47
12 3 11 0 2 0 2 0 0 0 8 0 4 0 0 17 9 0 0 0 7 0 5 7 13 1 0 3 0 19 13 7 2 0.36
35 39 33 0 30 0 0 35 50 0 0 34 27 0 142 0 41 97 26 14 89 22 0 0 0 10 40 26 0 0 0 0 0 0.54
9 0 0 3 4 16 0 14 21 0 7 0 20 0 1 0 2 4 8 2 7 11 3 0 0 1 2 3 0 3 0 1 1 0.33
0 0 42 0 28 37 0 0 0 40 20 24 36 27 0 41 46 0 0 0 0 16 39 25 4 14 36 0 47 32 0 19 23 0.58
0 0 12 0 7 0 0 0 0 0 1 1 1 0 0 11 11 3 14 9 0 1 6 9 19 0 5 0 6 0 13 0 3 0.33
0 2 0 0 0 2 2 2 0 1 4 0 0 4 2 0 1 5 0 0 0 0 5 0 4 3 1 0 0 0 4 6 0 0.14
0 0 7 7 0 0 0 0 2 0 0 0 11 0 10 0 0 0 13 10 0 0 0 0 3 0 10 0 0 0 0 14 5 0.25
1 2 1 0 3 0 0 2 0 0 1 0 2 3 0 4 2 0 2 0 0 4 0 3 0 0 0 4 0 1 1 0 0 0.1
0 61 0 5 0 31 38 52 32 0 0 0 28 5 0 0 12 33 15 47 35 0 129 0 0 46 32 0 33 34 38 0 22 0.57
43 0 0 42 0 35 0 0 43 0 19 99 42 0 6 0 33 49 7 11 0 0 0 0 50 5 52 49 2 43 34 68 31 0.57
59 55 0 74 11 38 0 7 47 0 19 0 0 34 12 0 0 8 40 40 38 39 42 39 16 85 30 0 3 33 0 5 0 0.64
0 0 4 2 0 0 10 3 14 4 0 4 1 20 4 3 1 7 0 3 20 3 3 2 1 2 0 16 3 7 0 0 2 0.33
8 0 5 11 0 0 13 0 3 12 0 3 0 9 0 8 0 0 0 11 3 8 2 14 0 5 5 1 0 1 2 8 6 0.38
1 2 0 0 4 0 3 0 0 2 0 0 0 1 0 0 0 0 0 0 5 0 2 4 0 0 0 2 0 0 0 0 3 0.08
3 5 4 0 4 3 0 0 3 0 1 1 0 5 1 0 0 0 0 6 2 0 2 3 0 1 0 4 0 0 0 2 0 0.15
0 23 46 0 0 0 0 0 13 0 10 28 23 0 39 0 105 0 44 40 91 41 0 8 89 8 32 0 29 0 53 0 0 0.53
1 0 3 2 0 0 0 0 0 2 0 0 0 0 1 0 0 1 3 3 2 4 0 0 4 5 2 0 0 0 1 4 4 0.12
0 1 2 1 0 2 6 0 7 2 4 6 2 5 1 13 8 7 0 8 0 6 10 7 7 0 7 4 0 24 6 0 5 0.4
3 19 0 3 7 2 0 0 2 1 1 9 1 12 0 3 2 2 0 1 6 1 0 0 0 2 9 2 0 2 0 0 13 0.26
0 0 37 30 30 43 0 0 18 0 37 0 44 0 36 0 6 0 0 48 0 0 0 0 0 2 0 6 0 37 36 0 0 0.37
0 12 0 6 0 0 0 0 8 1 12 13 0 0 0 12 3 2 0 2 12 0 0 5 0 1 5 2 5 10 4 3 8 0.34
2 0 6 16 6 0 7 0 0 3 10 5 0 0 11 2 22 2 4 4 15 3 1 3 5 5 3 0 24 2 0 3 1 0.38
11 5 0 1 7 0 6 1 7 3 0 8 6 14 0 0 0 0 0 1 3 2 3 7 14 0 0 0 2 5 1 1 0 0.29
0 38 0 51 0 20 0 29 0 0 0 16 69 17 2 0 0 19 11 0 25 0 4 0 0 0 0 41 0 0 0 51 17 0.41
6 0 0 0 0 0 0 0 0 0 1 2 4 3 0 1 0 1 0 5 0 0 6 5 0 4 3 0 0 0 0 0 6 0.14
4 9 0 0 18 3 10 0 10 1 0 5 5 0 0 7 3 1 2 2 3 13 0 3 12 4 0 4 8 0 5 15 9 0.41
17 22 92 0 25 75 39 0 40 0 0 32 0 24 0 91 39 9 0 37 2 0 0 34 80 0 29 0 13 0 0 23 0 0.54
23 7 10 20 0 7 5 8 5 3 6 1 2 8 1 9 0 9 11 6 12 0 2 0 10 7 1 24 13 1 9 0 1 0.53
0 27 0 39 0 30 0 45 35 38 35 0 47 39 0 34 40 0 10 0 31 22 0 28 44 25 35 35 0 42 21 19 7 0.68
21 18 0 16 64 0 0 0 0 45 20 42 0 46 0 0 33 36 0 52 0 71 0 0 9 51 0 0 26 0 71 36 31 0.54
1 4 14 1 10 2 0 1 0 12 12 2 4 4 0 6 6 3 10 8 3 6 0 4 1 6 0 8 0 0 6 1 3 0.39
2 1 7 1 10 7 3 0 0 4 23 11 14 0 0 16 0 4 0 6 3 4 4 0 4 7 2 0 2 19 6 16 7 0.43
1 1 1 9 0 19 0 10 11 1 6 9 4 0 0 0 0 1 4 1 12 0 13 6 3 4 3 6 3 3 0 0 7 0.37
0 51 31 0 0 35 0 0 0 37 55 0 0 0 0 62 22 0 0 36 35 111 0 0 0 41 6 0 29 130 0 38 33 0.47
0 0 0 0 0 0 0 0 2 3 2 0 3 4 5 2 2 0 6 0 0 2 0 0 0 0 0 0 3 0 4 0 2 0.12
7 1 8 2 5 4 0 0 0 12 10 10 0 1 15 0 9 0 9 10 4 0 8 9 1 0 1 3 11 2 0 0 0 0.4
2 4 1 0 6 3 4 0 1 0 0 0 4 0 10 10 12 4 0 2 3 9 4 6 0 0 5 12 1 7 14 0 7 0.37
0 10 13 0 0 6 5 23 11 5 2 0 6 4 0 12 0 0 14 13 14 5 0 1 2 2 3 0 13 2 5 20 12 0.47
1 5 4 0 3 0 0 0 3 0 0 0 3 0 0 0 0 3 0 0 0 0 2 1 0 0 0 1 2 3 1 0 0 0.09
7 2 6 3 3 3 3 0 5 19 0 5 3 1 3 0 10 3 3 10 3 16 8 5 12 7 20 4 9 2 0 3 0 0.45
0 0 21 35 20 0 96 0 0 0 27 38 42 46 33 0 0 0 0 0 36 19 44 0 38 32 45 0 0 0 2 124 10 0.52
7 58 0 0 0 39 46 0 0 39 0 31 46 0 12 17 9 20 20 0 0 34 33 0 41 118 119 37 0 21 31 0 2 0.6
8 12 6 3 0 9 15 0 11 7 8 0 0 16 0 9 0 1 9 0 5 7 0 0 1 3 13 13 4 0 0 13 14 0.48
10 2 0 10 0 3 1 0 0 6 0 2 8 17 7 0 0 18 8 8 1 2 19 0 0 0 2 14 0 5 9 6 4 0.4
0 7 0 43 0 0 0 0 4 17 0 0 33 0 31 0 31 0 0 0 0 0 57 6 3 34 0 50 0 32 40 57 7 0.41
5 0 3 0 8 0 0 10 0 1 17 0 4 0 0 2 1 17 10 20 1 0 0 11 7 0 0 6 0 1 0 0 10 0.33
8 17 14 8 14 2 1 8 18 8 7 0 6 6 1 13 2 12 1 10 1 6 13 0 0 12 4 9 0 0 0 3 2 0.52
23 0 1 0 0 8 3 11 4 1 0 2 2 4 0 10 18 3 13 4 24 6 15 6 3 0 14 0 10 2 5 10 2 0.47
0 19 50 0 0 6 0 32 55 68 35 0 0 42 0 0 0 32 33 0 18 40 29 0 1 0 0 49 0 0 0 14 1 0.44
0 0 0 9 5 14 3 4 0 1 0 0 2 24 0 1 10 19 14 3 2 1 2 1 0 0 3 22 0 2 2 4 7 0.33
1 0 0 0 0 0 3 1 3 2 3 0 0 0 0 1 0 0 1 0 0 2 2 0 0 0 0 0 0 0 0 1 0 0.06
16 0 0 0 33 0 77 23 0 0 96 0 19 60 9 32 106 0 0 0 38 0 16 2 0 20 127 35 37 28 10 29 0 0.57
2 5 3 8 1 8 3 0 1 3 2 20 0 0 8 4 19 3 2 0 2 0 0 4 0 0 6 0 3 3 0 1 9 0.3
0 0 11 1 4 2 0 1 5 3 24 11 4 3 0 3 1 2 2 1 0 4 20 0 12 20 5 6 0 1 13 0 7 0.37
0 51 37 40 90 39 0 39 0 32 39 0 0 0 53 0 0 143 47 7 13 7 42 39 4 0 0 0 9 41 18 0 0 0.56
0 0 3 6 3 0 2 2 0 4 0 0 0 3 0 0 0 0 0 0 2 2 0 0 1 2 1 0 2 3 0 3 0 0.11
0 0 1 0 3 0 0 2 0 0 0 3 1 0 0 3 1 2 0 1 0 4 0 4 1 2 0 2 0 0 2 0 0 0.09
0 6 3 1 6 0 0 0 0 2 0 2 3 0 1 5 0 2 0 3 0 0 2 3 3 3 0 2 0 3 2 4 0 0.16
0 0 0 3 0 0 4 3 9 1 1 0 0 8 0 18 9 0 0 0 14 3 2 4 9 11 1 0 0 6 0 0 0 0.28
0 0 33 44 0 15 34 12 29 26 8 22 0 80 39 0 3 0 47 10 51 61 0 0 55 0 19 10 0 0 0 39 16 0.6
9 36 0 9 0 7 0 38 12 0 0 0 48 14 0 31 23 52 28 32 32 0 34 5 0 0 0 0 40 48 0 0 0 0.51
33 6 0 0 32 9 0 18 0 0 0 31 30 41 0 14 31 33 0 47 51 38 38 0 0 4 0 3 0 0 0 0 0 0.46
30 0 16 1 13 0 24 0 7 0 0 0 35 41 8 11 18 0 17 0 0 32 25 59 38 5 12 35 21 34 22 23 35 0.66
0 3 0 0 0 1 0 0 1 4 4 0 0 0 4 1 1 3 0 0 0 0 0 0 0 2 1 1 0 0 0 0 4 0.09
0 0 6 1 0 3 1 2 4 0 1 4 1 1 1 0 0 1 0 0 0 0 0 0 0 3 0 0 0 0 0 0 0 0.08
17 6 3 0 0 2 0 6 1 6 8 0 9 3 0 5 7 0 14 0 4 8 16 14 0 3 0 0 2 0 17 0 0 0.37
1 14 2 1 6 5 0 18 0 0 0 0 10 1 2 4 0 8 2 0 0 12 1 3 12 2 0 1 0 1 4 0 5 0.29
2 0 2 3 7 6 0 0 1 0 2 12 13 3 15 4 5 6 0 15 12 0 7 0 1 17 10 3 0 4 8 12 8 0.46
0 1 0 3 11 0 1 1 0 2 0 4 2 0 5 0 1 0 0 5 1 3 0 5 2 8 0 1 0 0 6 0 0 0.18
1 3 3 4 3 9 2 4 0 5 13 1 0 0 5 18 5 3 8 1 0 0 0 9 15 9 9 3 1 7 0 20 5 0.42
1 4 0 0 0 0 0 0 0 1 3 0 0 0 0 2 1 0 0 0 0 0 3 0 1 5 1 0 6 0 1 1 0 0.09
5 22 2 8 10 9 0 8 6 1 2 0 2 3 18 4 0 21 0 0 5 0 6 3 0 1 2 20 0 0 1 3 0 0.36
0 1 0 3 7 0 14 16 5 0 2 0 7 0 18 1 0 2 3 6 0 9 8 11 4 11 10 3 5 13 6 0 12 0.46
0 13 10 6 7 2 13 16 1 0 0 0 4 0 8 0 0 2 1 0 3 3 6 3 0 10 10 7 6 0 7 7 1 0.4
0 0 12 3 0 13 1 0 2 0 1 3 11 0 8 0 6 4 12 8 2 19 9 0 0 2 0 0 2 4 3 0 5 0.34
0 25 6 0 41 0 35 35 0 0 5 0 3 50 11 0 112 19 41 0 0 0 14 37 0 31 0 0 0 14 0 0 36 0.46
0 9 0 5 2 5 0 0 18 0 21 0 6 0 6 1 3 4 6 4 5 22 1 0 8 0 3 0 0 0 6 3 9 0.35
5 9 0 0 0 1 4 0 1 0 0 3 6 7 0 2 12 3 5 0 4 0 9 0 9 5 0 0 3 5 2 10 3 0.32
35 34 23 13 42 30 0 46 0 18 27 0 0 2 4 0 0 46 12 31 25 0 53 22 40 45 28 0 2 37 34 0 29 0.66
140 0 20 49 4 35 6 36 34 9 0 63 0 14 59 0 0 0 5 0 40 49 14 0 0 29 0 0 27 0 48 23 58 0.58
0 0 32 44 43 83 8 36 27 0 14 0 0 16 31 0 0 37 0 28 54 0 0 62 0 6 0 0 37 43 39 36 0 0.55
0 0 0 1 0 8 0 7 0 0 0 13 0 0 10 1 0 1 13 0 4 2 0 9 0 14 3 0 3 9 0 2 6 0.29
2 0 1 0 0 11 0 0 0 10 5 0 11 8 3 18 8 1 4 4 6 2 0 1 13 3 15 0 0 3 5 9 3 0.38
6 3 2 0 0 0 0 0 0 0 0 0 0 4 0 0 0 1 0 0 0 4 0 0 0 0 0 0 5 0 0 6 5 0.1
6 0 0 0 0 0 2 0 1 1 0 0 6 2 0 5 5 0 3 4 0 0 0 0 3 6 1 0 3 1 0 0 0 0.14
0 2 0 4 2 1 0 0 3 2 1 2 7 12 13 1 2 3 5 5 5 0 7 0 4 13 0 2 13 14 0 0 8 0.35
0 0 34 0 77 34 0 0 43 2 0 20 35 21 38 27 44 46 4 0 0 0 26 5 23 27 110 0 8 0 31 39 55 0.6
3 3 11 0 3 7 0 4 0 3 11 11 1 3 2 0 4 0 2 7 3 8 0 0 0 3 6 3 0 0 1 6 3 0.31
3 3 10 0 3 0 2 0 0 14 2 4 0 2 3 5 18 4 0 3 6 12 4 0 9 7 9 1 2 3 0 0 0 0.34
2 2 0 0 4 0 0 3 0 0 0 0 0 0 5 3 0 0 2 0 6 0 0 1 0 1 2 0 0 6 1 0 2 0.12
0 6 0 8 0 13 0 4 6 3 3 0 0 1 2 4 9 7 0 6 2 21 0 5 0 0 17 0 1 8 7 0 4 0.35
0 0 0 0 0 18 0 1 48 4 0 0 0 8 0 0 0 8 0 0 27 5 0 8 36 40 12 39 30 49 145 0 37 0.43
64 0 0 8 75 35 0 0 35 0 0 31 34 0 0 24 22 0 30 21 34 49 13 0 50 0 0 38 0 0 0 0 0 0.47
10 10 0 15 2 0 0 0 9 10 2 9 2 0 0 11 0 8 0 5 8 3 6 2 10 0 1 9 15 3 10 0 0 0.45
0 0 0 0 0 0 0 5 3 0 0 1 3 0 3 0 1 2 3 1 0 0 0 0 0 0 0 0 0 4 0 0 0 0.07
2 5 10 0 4 0 0 2 12 3 2 7 6 11 8 0 0 3 0 0 0 3 1 9 3 1 0 0 2 10 0 0 1 0.3
5 14 1 0 2 0 0 4 3 2 1 0 3 1 11 9 4 1 1 0 0 8 9 1 0 18 1 4 2 3 2 1 2 0.3
0 2 40 40 0 42 41 0 13 21 24 30 0 0 47 0 153 0 138 17 35 0 0 0 28 0 0 41 18 0 0 0 0 0.49
19 0 1 1 11 0 0 0 0 1 0 0 15 3 0 0 14 13 0 2 8 3 0 0 0 0 1 0 8 0 3 0 3 0.25
0 44 31 0 68 0 50 21 0 0 0 55 0 0 0 4 149 30 36 0 0 3 1 0 0 0 35 51 16 0 0 0 31 0.41
0 11 0 39 0 0 0 0 51 0 24 0 0 21 0 11 4 33 4 35 0 19 13 0 0 29 0 13 21 0 0 0 22 0.44
0 0 0 8 3 0 0 13 0 0 6 0 8 1 3 3 0 13 0 0 3 1 8 19 10 9 0 4 0 7 0 9 0 0.34
19 0 5 0 43 14 39 0 0 43 0 77 28 39 45 26 132 34 58 2 19 42 18 15 146 40 19 140 32 0 0 39 0 0.71
0 2 4 6 1 4 2 4 0 2 14 3 3 4 13 3 4 14 12 5 13 0 9 0 1 0 2 0 1 6 2 13 0 0.38
1 1 0 0 0 1 0 4 1 0 0 2 0 0 0 2 0 5 0 0 0 0 0 2 0 0 3 0 1 1 0 0 3 0.08
9 0 11 0 42 17 29 0 19 31 8 0 0 37 58 0 15 36 0 41 0 47 13 39 0 21 50 0 0 0 0 0 11 0.56
2 8 0 1 0 0 2 1 12 5 5 0 11 24 0 0 15 0 9 18 0 13 0 14 2 3 9 9 0 12 16 0 0 0.44
2 3 0 9 5 7 8 1 19 0 0 2 0 7 10 11 18 3 0 0 1 6 7 6 0 0 2 0 0 2 3 8 14 0.4
10 8 8 0 0 14 0 0 7 1 2 6 7 0 14 15 6 0 1 7 10 0 0 0 0 5 12 2 2 8 0 3 0 0.4
20 37 0 35 0 35 50 0 0 0 33 0 14 47 0 33 0 10 0 0 8 18 40 0 33 0 0 40 41 0 47 83 12 0.56
0 2 1 0 5 1 0 4 0 2 1 0 0 0 0 1 0 0 5 1 0 0 1 0 0 6 0 0 0 1 0 0 0 0.09
6 3 0 0 3 2 9 3 0 12 0 4 5 2 1 1 0 2 6 1 0 0 0 1 3 4 13 6 0 10 0 0 0 0.27
1 2 0 5 9 0 4 7 0 0 3 0 4 7 0 0 11 0 6 0 2 3 5 9 0 0 0 0 0 4 0 2 2 0.25
0 2 0 4 0 0 0 0 1 0 3 0 0 0 1 1 1 1 1 0 0 0 0 0 1 0 0 2 0 0 0 0 3 0.06
0 5 0 0 2 0 0 3 3 0 3 0 3 4 0 0 0 0 0 2 0 0 6 0 0 0 0 0 0 3 0 0 0 0.1
49 28 13 0 15 0 0 97 15 25 0 11 139 13 0 4 0 22 0 27 21 0 3 39 22 0 0 9 155 0 34 0 13 0.59
10 3 0 4 0 15 18 10 3 0 0 3 5 0 0 0 0 2 19 2 0 2 0 1 0 4 8 0 0 2 1 0 0 0.27
13 30 0 10 0 0 41 124 19 24 34 4 0 0 51 100 125 31 0 0 17 0 37 33 40 31 0 32 5 6 0 64 38 0.65
41 14 0 27 0 36 38 4 0 43 0 0 1 23 39 41 27 55 0 41 9 34 0 0 19 3 35 7 7 28 0 47 34 0.63
0 1 16 10 14 2 0 0 6 9 1 0 12 11 9 8 0 3 1 16 0 10 0 2 5 0 2 2 0 7 0 3 2 0.4
4 1 0 2 7 3 16 5 0 12 2 0 4 1 4 3 6 9 9 5 2 0 0 11 0 2 1 5 7 23 0 1 4 0.38
10 2 0 23 10 0 2 2 24 10 4 6 0 1 0 2 1 7 6 4 1 0 9 13 0 0 6 5 17 9 10 0 0 0.44
13 6 8 9 0 21 2 4 1 3 3 0 0 4 4 2 0 2 2 0 3 5 7 12 8 7 22 5 2 0 1 23 5 0.43
35 42 51 0 5 30 0 36 0 33 78 0 46 0 0 0 13 20 0 44 46 50 0 21 0 20 0 0 15 0 0 35 13 0.56
1 23 7 19 7 2 9 17 2 0 0 2 0 11 3 12 20 1 4 0 0 4 9 7 19 6 17 2 0 3 4 2 0 0.46
1 24 0 7 7 5 0 7 0 6 2 0 0 24 11 3 0 9 0 2 12 9 4 5 0 0 1 0 2 4 6 4 8 0.4
0 0 0 1 0 0 1 0 2 6 0 0 0 0 4 3 0 0 0 0 0 4 0 2 4 0 0 5 2 0 4 0 0 0.11
0 0 0 0 0 0 0 2 2 0 5 3 0 2 0 0 0 0 4 0 0 0 0 3 3 0 2 4 1 0 3 0 0 0.1
0 1 5 0 0 19 3 0 0 14 5 4 8 12 0 0 0 4 0 13 0 1 6 0 0 2 0 4 2 0 3 0 0 0.26
5 0 8 2 4 11 0 0 0 10 15 0 15 2 0 0 3 17 0 0 1 3 9 9 2 0 0 1 4 0 9 3 5 0.36
0 2 3 0 3 1 3 1 0 2 0 0 3 5 3 2 0 0 0 3 3 0 0 3 0 1 0 5 2 0 0 0 1 0.13
2 3 0 9 0 0 2 0 6 0 14 5 10 7 9 2 16 0 0 0 2 0 15 9 0 8 3 0 4 0 0 12 2 0.37
6 6 8 3 0 0 8 4 8 3 1 9 2 3 1 10 6 1 1 4 5 0 7 0 3 2 0 2 3 2 0 0 12 0.35
0 0 2 19 0 1 0 7 8 0 0 0 5 9 9 12 0 2 0 0 0 11 0 0 15 16 2 16 2 1 5 7 0 0.36
19 4 23 0 0 2 2 0 5 0 4 6 0 6 2 0 1 0 9 14 4 0 3 3 2 1 3 0 0 1 5 10 2 0.31
23 31 36 0 0 34 0 47 0 6 5 0 59 33 0 0 34 21 3 30 9 0 2 23 37 49 86 19 23 40 0 0 0 0.59
0 14 10 84 7 0 34 20 24 1 105 49 0 56 0 0 14 0 22 109 0 0 139 99 0 24 20 0 32 38 0 0 38 0.6
14 3 0 0 0 9 2 0 3 3 5 0 8 7 4 0 4 1 0 0 6 2 0 9 0 8 6 6 3 1 8 0 0 0.32
0 13 0 0 2 5 0 1 0 4 10 0 12 4 8 0 6 1 2 0 2 0 4 3 2 9 4 0 3 2 2 10 7 0.33
39 43 0 13 0 35 37 0 7 0 0 38 0 0 32 2 16 13 0 0 49 57 0 28 0 0 39 2 0 0 17 0 0 0.45
0 0 0 0 0 146 0 0 60 79 36 0 0 38 36 0 43 31 0 0 36 30 18 0 33 47 0 13 0 0 31 33 0 0.48
8 1 3 3 3 5 5 2 9 7 9 8 3 2 4 5 12 0 1 0 0 0 6 2 6 21 0 4 3 9 3 4 5 0.42
9 0 4 9 0 0 0 5 8 10 0 3 0 0 3 0 13 4 14 3 2 14 0 0 5 0 5 2 5 1 0 0 1 0.33
17 1 0 0 10 0 10 3 0 0 17 4 5 11 5 0 12 2 0 2 1 0 0 6 1 0 13 0 8 17 4 18 15 0.43
10 0 3 6 0 0 0 0 10 0 0 0 2 8 0 0 7 0 0 3 12 3 8 0 4 5 7 2 0 0 0 11 0 0.29
13 2 14 4 0 3 2 2 0 9 11 14 0 0 0 0 13 7 0 0 0 0 3 3 2 8 0 0 3 0 0 0 11 0.32
2 0 0 2 12 6 24 0 4 0 12 7 0 12 2 4 6 4 0 4 13 2 2 1 1 0 6 0 3 0 3 3 0 0.33
0 5 20 6 0 0 0 3 4 21 4 14 0 22 7 4 7 2 14 3 4 1 0 17 2 22 0 5 0 2 0 22 12 0.45
2 0 2 9 0 0 0 1 0 0 10 10 0 3 3 10 1 2 0 2 3 12 0 5 0 8 1 8 10 7 9 0 14 0.38
5 1 7 0 13 0 18 2 0 0 0 0 10 2 17 4 0 3 8 0 9 4 0 2 0 5 9 6 0 0 1 14 0 0.35
0 41 0 41 0 0 0 4 40 0 0 3 42 50 0 0 45 31 0 30 0 0 41 49 15 0 0 11 38 20 29 0 30 0.5
8 0 13 1 0 3 3 0 0 3 1 0 8 9 1 17 1 6 0 0 3 6 0 0 0 0 9 0 5 0 0 0 4 0.27
7 0 5 1 5 0 1 0 6 0 9 4 1 0 0 15 3 1 0 8 0 0 2 1 0 0 1 3 14 1 11 18 1 0.3
0 13 40 41 45 95 32 0 0 0 0 17 0 49 0 0 0 0 2 27 0 39 29 0 0 0 0 57 0 0 19 92 0 0.43
10 13 5 8 4 8 0 20 3 0 5 2 23 6 0 0 7 9 3 0 5 5 0 0 13 0 13 0 7 22 2 0 0 0.45
4 0 1 8 0 8 4 4 5 0 13 0 14 0 7 1 1 0 3 0 5 4 5 0 9 0 10 0 0 2 3 0 2 0.32
0 6 1 3 0 1 0 1 0 0 2 5 0 0 0 3 2 0 0 4 0 1 1 3 0 0 1 0 0 1 0 0 0 0.1
5 14 0 4 0 0 6 3 0 0 3 0 0 10 10 14 3 0 9 0 4 7 0 0 0 3 4 0 1 12 1 4 0 0.32
2 4 20 1 14 0 6 8 2 3 0 4 4 9 2 5 6 2 3 20 0 6 0 24 12 20 2 0 4 6 2 6 20 0.47
4 28 29 46 9 29 0 42 40 41 45 0 1 5 43 0 29 45 0 35 34 0 38 32 0 12 36 0 0 33 33 0 0 0.63
38 65 42 0 0 0 35 4 48 10 60 0 0 22 0 60 0 0 0 21 0 6 0 0 36 0 45 0 14 0 22 45 0 0.48
14 5 4 2 0 0 8 8 20 7 1 5 0 17 1 1 16 4 0 0 1 6 0 1 13 0 6 6 0 0 12 8 0 0.4
2 0 7 16 6 3 0 0 9 1 2 3 0 10 2 10 7 0 5 0 4 0 0 0 0 0 0 0 0 1 8 6 0 0.29
4 17 2 9 0 0 6 13 4 5 0 1 6 0 0 3 8 9 18 0 10 0 0 0 4 2 8 2 10 14 0 13 0 0.43
0 9 38 24 0 34 0 23 40 0 10 2 4 0 0 0 10 0 77 40 0 38 19 10 23 0 33 0 40 0 35 0 0 0.53
33 19 39 0 22 0 0 11 0 7 0 0 0 0 0 22 0 40 16 0 0 63 17 13 34 58 40 42 1 0 33 40 0 0.53
0 0 2 6 0 0 10 0 1 8 7 0 7 7 9 0 1 5 3 1 1 4 0 10 3 9 10 3 3 7 0 2 0 0.36
9 0 17 9 0 2 0 19 0 0 8 0 0 0 0 0 0 0 7 3 0 0 4 2 0 3 0 4 7 19 0 14 0 0.29
1 7 0 0 3 1 4 1 22 1 4 0 2 6 3 5 5 3 5 0 2 4 2 10 13 16 9 3 10 4 3 5 2 0.4
3 0 9 0 0 0 0 1 9 0 2 5 2 2 0 2 0 0 10 0 12 0 0 0 0 2 3 0 2 11 14 7 7 0.29
22 3 2 5 2 9 0 4 0 0 0 3 4 0 8 0 4 8 3 4 11 0 12 5 1 3 1 9 0 15 0 1 12 0.39
2 0 0 1 3 0 2 2 0 5 0 0 0 3 3 0 1 0 0 0 3 0 1 0 1 4 0 0 3 0 0 0 0 0.1
0 33 0 49 0 0 8 0 32 30 41 0 39 0 0 0 30 64 0 40 0 0 29 37 0 0 0 21 0 160 48 5 60 0.49
0 37 10 32 16 0 10 58 44 0 30 6 0 80 9 13 0 40 34 42 0 29 0 0 0 23 32 8 13 0 5 68 48 0.66
4 0 0 2 4 1 0 0 0 0 0 0 0 1 0 0 0 0 0 4 0 0 0 0 1 0 3 0 0 0 0 0 0 0.06
0 0 3 2 3 0 0 5 2 5 0 0 0 0 0 0 0 0 0 0 0 0 2 5 1 0 1 4 0 6 3 0 0 0.12
0 1 0 1 0 0 0 1 0 0 0 2 0 4 1 0 0 0 0 4 0 0 0 0 0 5 0 0 0 3 0 0 5 0.08
0 9 75 0 0 3 0 25 38 0 0 0 36 0 39 4 0 13 0 0 0 0 0 9 35 6 0 0 0 46 19 0 44 0.39
0 3 0 0 0 1 3 14 5 6 8 11 0 0 2 18 0 1 2 6 0 0 9 0 0 4 13 11 6 10 0 0 19 0.38
16 0 41 0 40 0 12 0 38 12 31 67 0 0 0 20 46 49 0 1 11 0 38 0 36 38 0 47 0 0 0 0 26 0.51
12 5 0 18 9 8 7 0 14 1 1 13 4 0 0 1 0 0 1 3 9 0 0 0 0 0 0 5 0 2 0 0 8 0.31
0 0 7 0 12 3 3 21 5 8 7 5 2 24 0 6 3 11 1 0 3 1 0 12 4 1 3 8 14 17 0 14 7 0.47
5 0 4 0 1 0 0 0 0 1 0 0 0 0 0 3 2 0 0 0 0 0 1 0 0 3 0 0 2 0 0 0 0 0.06
4 3 3 0 17 4 4 0 6 13 0 10 13 1 20 0 0 2 5 7 2 6 7 4 9 0 10 23 9 0 1 12 10 0.5
6 5 114 0 0 38 0 42 0 0 0 12 0 57 33 34 32 33 6 0 17 0 0 32 0 0 0 0 21 0 33 0 39 0.47
3 0 1 3 0 0 10 6 0 3 0 6 1 9 17 9 6 0 2 9 0 0 0 0 10 0 4 0 0 2 19 0 3 0.32
3 17 0 3 0 12 6 9 5 1 1 0 5 8 6 5 0 6 0 10 0 5 0 1 4 14 5 11 19 3 0 8 0 0.43
0 3 0 17 1 1 0 5 10 9 0 0 3 0 0 0 0 5 9 21 2 0 0 18 3 1 3 6 1 1 23 4 20 0.35
14 4 1 6 1 2 10 9 9 1 14 11 0 4 2 1 1 0 2 0 0 1 3 5 2 0 0 1 0 5 3 0 12 0.34
13 31 7 51 59 14 0 89 0 7 0 4 27 2 0 18 0 4 9 0 0 0 31 40 30 0 79 88 41 0 8 39 0 0.57
3 0 2 0 4 0 0 0 0 0 5 5 2 2 4 3 0 0 0 2 1 5 3 0 0 0 2 0 0 5 3 4 3 0.17
0 0 1 0 4 4 0 4 0 2 3 3 2 6 0 0 0 0 2 0 0 0 0 0 0 0 0 0 2 0 6 0 0 0.11
0 0 0 2 3 0 0 0 0 0 0 0 0 0 0 0 2 0 1 0 1 0 1 0 2 1 0 0 1 1 0 0 1 0.04
3 3 0 0 0 0 0 0 0 3 0 2 3 0 6 3 2 0 0 3 0 2 0 0 0 0 3 2 1 1 0 6 0 0.13
0 2 3 7 0 0 6 10 11 8 0 8 3 11 0 1 0 13 0 1 0 10 16 10 0 0 0 3 9 0 0 3 0 0.37
0 1 1 13 7 0 14 1 13 6 2 0 2 10 5 7 14 19 2 2 3 1 9 0 0 0 3 0 0 0 13 0 4 0.38
0 42 39 36 2 15 0 11 0 9 41 0 36 0 4 54 51 23 0 45 41 0 45 32 0 0 11 0 38 0 0 0 0 0.53
6 0 0 0 11 1 0 0 0 0 2 2 0 0 19 0 0 0 7 2 1 3 0 0 5 4 10 0 1 6 5 0 1 0.23
0 0 0 0 0 0 0 0 1 1 0 0 0 0 2 6 1 5 0 3 3 0 0 2 0 0 0 6 0 0 2 1 0 0.1
1 20 4 0 3 20 4 2 2 0 7 15 6 22 14 3 2 0 5 4 8 7 0 8 9 0 9 14 3 0 2 3 14 0.49
3 3 4 5 0 14 3 0 0 0 13 5 10 13 12 13 11 5 0 3 0 2 4 12 0 3 2 2 1 1 2 12 4 0.43
12 5 18 23 10 3 0 2 0 0 2 0 14 6 0 0 3 9 0 0 0 1 0 0 0 0 4 13 0 7 9 8 2 0.36
0 4 0 13 1 0 7 3 15 0 16 1 0 14 3 6 0 0 0 2 0 0 10 0 0 5 0 0 2 0 0 0 0 0.25
3 0 3 0 2 0 3 2 0 0 0 2 1 1 0 0 0 3 0 4 0 3 0 0 0 0 1 0 1 0 0 2 4 0.1
3 0 0 4 2 0 0 2 4 0 2 0 0 0 2 0 0 0 3 2 0 2 1 0 3 4 2 3 0 0 2 1 6 0.14
0 0 2 0 0 0 0 1 5 0 1 0 5 0 3 3 3 0 0 3 0 0 0 2 3 0 0 4 0 2 2 5 0 0.13
0 1 0 0 0 0 4 0 0 0 0 0 0 0 0 4 0 4 0 0 0 2 0 0 1 3 0 4 0 0 3 0 3 0.08
2 10 0 0 0 0 5 2 0 5 3 4 1 10 9 10 0 2 6 2 9 10 0 8 0 12 0 0 1 1 4 0 2 0.35
0 0 1 7 2 3 6 0 0 6 16 2 6 1 8 1 1 0 2 0 6 3 5 10 14 6 5 0 7 8 10 0 7 0.4
3 0 0 0 0 3 2 0 2 0 0 0 0 0 3 0 3 0 4 2 3 0 0 0 2 4 0 0 1 1 0 0 0 0.1
12 0 0 8 7 12 1 0 11 0 8 8 10 1 0 0 0 13 0 13 4 0 3 0 2 1 2 3 0 2 2 10 14 0.39
0 0 4 2 2 4 2 5 3 0 0 13 13 0 3 9 0 0 14 1 0 0 4 2 1 7 1 6 21 1 0 8 2 0.32
0 2 22 1 1 0 0 6 9 0 1 0 14 4 19 14 3 2 0 17 1 9 1 0 7 0 14 2 6 9 7 5 23 0.44
35 0 0 0 15 0 49 0 0 100 0 55 0 155 58 31 5 0 0 23 22 32 0 0 0 0 58 0 86 0 0 35 26 0.46
4 0 0 0 4 0 3 0 1 2 0 4 2 0 0 5 5 4 3 0 2 0 2 3 0 1 0 3 1 0 2 0 0 0.15
1 2 0 2 0 3 0 4 4 6 0 4 2 0 2 0 1 1 0 0 0 6 0 0 6 0 0 0 0 3 0 4 3 0.16
13 11 5 1 1 14 0 10 2 0 8 4 22 9 2 0 8 0 0 0 10 7 18 0 2 19 0 8 0 0 0 18 2 0.45
0 0 15 35 14 0 8 0 39 39 2 0 24 41 0 4 2 0 0 0 47 0 35 45 0 0 29 16 0 36 0 0 3 0.45
0 0 0 0 0 2 0 1 2 2 0 0 0 0 1 3 0 1 0 1 4 0 0 0 0 0 0 0 0 0 0 0 0 0.05
3 8 1 3 0 0 0 0 2 9 5 0 8 16 5 0 0 0 7 4 0 2 5 0 1 0 11 13 3 7 1 0 10 0.34
3 0 1 9 0 3 7 0 3 4 0 0 0 16 0 0 0 0 0 0 0 8 12 11 10 0 3 0 10 0 18 16 3 0.34
0 0 6 12 6 6 2 0 11 8 13 0 0 0 3 2 0 3 3 10 0 0 1 0 2 0 3 0 10 12 1 12 1 0.35
3 0 0 0 0 4 0 0 5 0 0 0 0 0 0 0 4 0 0 0 2 0 0 0 0 0 3 2 3 0 0 0 5 0.09
10 13 5 0 11 1 6 0 0 8 4 4 0 17 8 0 0 4 8 4 4 24 6 22 0 11 11 0 22 0 3 1 0 0.47
0 0 0 0 2 5 3 0 3 0 0 0 2 3 2 0 0 1 0 3 0 3 3 0 2 0 4 1 0 6 2 0 0 0.13
2 4 6 1 2 0 0 0 0 5 1 4 0 0 0 0 0 5 4 0 0 1 0 0 0 4 2 0 0 0 0 0 0 0.12
9 4 2 0 7 0 4 11 9 0 11 0 9 4 10 0 9 7 2 0 9 0 0 2 0 4 0 4 0 3 4 6 0 0.38
2 0 12 7 0 2 0 2 7 2 5 0 6 3 1 0 0 3 4 16 5 4 9 4 0 2 6 10 5 3 0 9 0 0.36
4 8 6 0 9 0 0 0 0 0 0 10 0 4 4 0 2 2 1 0 3 19 9 5 20 5 1 0 5 2 5 0 10 0.34
0 6 0 3 0 0 0 0 0 0 1 6 0 0 4 0 0 0 0 0 0 0 0 0 0 1 0 3 2 3 0 0 0 0.08
37 12 0 17 0 43 0 0 5 0 10 0 0 36 81 0 0 0 25 6 10 0 0 36 11 32 47 0 0 0 0 28 44 0.48
0 0 0 0 0 3 0 2 6 0 0 5 2 1 5 0 0 0 6 0 2 0 0 3 0 0 0 2 0 0 1 0 3 0.12
0 4 2 1 0 0 1 0 0 0 0 3 0 0 0 1 4 0 0 0 0 2 0 0 0 3 2 0 4 0 2 1 0 0.09
12 0 3 7 2 1 10 1 0 3 8 9 0 3 0 0 0 0 3 6 0 0 12 0 0 0 0 0 0 3 0 9 0 0.26
0 7 8 1 1 10 0 15 9 10 6 0 3 2 0 0 0 0 5 1 1 7 7 19 7 3 6 10 1 10 0 9 0 0.43
12 6 10 1 5 8 3 14 0 3 0 11 1 5 12 0 9 16 10 4 11 1 0 3 0 0 11 0 0 13 0 0 1 0.45
2 0 0 0 6 0 0 0 2 2 0 0 2 6 0 2 0 0 0 0 0 2 0 4 0 6 1 3 0 0 0 3 0 0.12
2 1 0 22 4 2 1 2 5 2 0 2 10 1 3 0 0 3 8 9 3 7 1 11 13 6 7 10 9 3 3 2 3 0.42
1 1 6 6 0 2 0 1 24 1 10 4 4 0 7 5 7 0 12 18 15 6 6 4 3 3 1 2 1 11 3 11 7 0.45
32 40 44 86 12 0 37 33 18 0 41 12 0 38 0 0 62 30 0 34 16 0 29 6 0 0 0 46 9 27 0 0 0 0.59
2 0 12 0 8 0 0 6 0 1 7 0 9 0 12 2 0 0 9 5 0 0 1 6 5 9 1 9 6 3 0 0 14 0.36
5 3 0 5 8 0 1 0 3 4 0 0 0 0 0 0 2 11 2 3 2 0 2 0 3 0 0 8 6 6 17 1 0 0.25
4 0 1 0 12 0 5 0 24 3 12 0 14 2 0 3 0 4 1 6 13 1 1 23 6 2 10 4 12 11 0 2 8 0.43
0 17 2 7 5 5 10 3 1 0 5 0 3 13 3 0 4 0 4 0 1 9 4 0 0 11 2 0 9 0 3 5 0 0.34
18 0 0 32 0 0 0 34 15 0 0 22 40 67 36 0 10 2 0 0 22 0 0 6 0 0 28 0 25 0 81 49 0 0.44
1 0 3 5 3 0 2 0 0 10 3 10 0 6 1 3 0 7 0 8 0 2 1 13 0 1 2 1 8 4 0 5 9 0.31
2 4 0 0 0 0 0 3 3 0 0 4 2 2 0 5 3 0 3 0 0 3 4 3 1 6 0 4 3 0 0 4 0 0.17
3 0 0 3 3 1 0 0 0 1 2 0 0 2 1 0 0 5 2 3 0 0 0 0 0 2 2 6 0 0 3 1 3 0.13
0 1 3 1 0 3 5 2 2 1 3 0 0 3 2 1 6 0 4 2 5 6 1 2 0 5 2 0 3 1 4 0 0 0.2
16 0 34 0 0 157 0 48 0 9 0 35 39 28 50 6 0 23 35 50 31 27 0 32 0 90 37 40 7 47 0 5 39 0.65
0 0 6 3 0 0 2 0 0 0 0 0 5 0 4 0 2 0 0 5 2 0 0 0 0 0 5 0 0 4 0 0 0 0.11
2 0 0 5 12 0 0 0 1 0 2 5 10 0 3 4 1 0 0 8 2 0 0 5 0 8 0 3 2 6 9 4 3 0.28
27 102 16 41 17 0 0 33 0 37 0 36 0 40 31 13 0 0 43 0 0 0 36 141 15 0 10 0 12 25 0 41 46 0.6
4 0 5 5 0 0 0 1 0 4 0 2 0 1 0 0 0 0 1 2 0 0 0 0 0 0 0 2 3 0 0 2 1 0.1
0 0 0 31 42 35 30 27 0 11 0 0 26 46 48 34 33 0 38 46 0 0 16 31 41 0 38 13 0 8 0 89 0 0.6
0 0 2 1 0 3 0 6 0 2 1 3 0 1 3 0 0 0 0 0 3 0 0 0 0 0 0 2 0 0 3 0 0 0.09
0 3 0 6 8 0 0 0 3 1 0 0 0 10 2 3 0 1 3 1 7 10 0 6 0 1 0 5 5 6 0 0 5 0.26
0 2 0 10 2 2 0 2 20 9 6 0 0 0 4 2 0 1 2 24 6 1 2 15 0 0 0 3 6 0 0 9 1 0.3
2 7 0 14 3 0 0 0 4 16 6 8 0 2 0 12 3 0 0 2 0 3 10 4 0 2 3 0 0 2 2 7 13 0.33
1 1 0 1 0 0 0 2 0 4 0 1 0 0 4 0 3 0 4 0 2 1 2 0 2 0 2 2 0 0 3 4 0 0.11
0 0 48 17 38 0 0 0 10 0 41 14 0 0 3 0 123 37 6 0 35 9 0 0 0 50 0 0 0 0 0 0 0 0.35
2 2 6 14 4 3 6 8 14 0 14 11 8 1 2 3 11 8 4 8 24 0 9 4 1 10 3 0 12 11 5 5 1 0.55
1 0 0 0 3 7 1 0 4 13 10 0 0 2 8 0 11 1 0 3 0 6 0 0 1 0 4 8 6 13 8 3 0 0.32
0 5 20 7 5 5 0 2 3 15 4 1 9 1 5 8 0 2 7 0 0 7 6 5 8 3 10 4 2 1 0 5 10 0.43
0 51 0 0 0 0 16 0 0 0 0 0 0 0 7 34 22 81 0 24 18 3 0 20 36 0 0 12 41 28 0 34 0 0.42
1 13 3 2 0 0 17 12 5 10 8 10 14 10 2 0 4 0 3 2 0 3 2 10 3 0 0 3 0 1 0 0 0 0.36
0 14 0 2 8 7 10 3 0 6 2 7 2 0 14 9 7 0 4 1 0 6 0 8 2 14 0 3 12 0 0 0 14 0.41
2 2 0 7 24 0 1 22 2 1 5 6 2 0 1 0 3 0 3 4 0 1 9 13 3 0 22 8 0 0 0 9 10 0.36
22 0 35 0 48 0 10 0 19 34 50 0 0 96 19 100 0 37 40 0 17 40 26 40 0 0 33 0 8 23 0 5 44 0.61
9 8 11 1 6 7 6 15 6 1 4 0 3 3 0 8 3 6 7 1 0 14 1 6 11 20 3 1 0 0 3 3 0 0.44
21 60 0 4 13 0 19 141 0 0 0 0 0 35 40 27 0 50 0 40 0 52 1 9 0 11 40 0 0 40 0 0 0 0.46
0 0 0 3 3 0 0 0 0 0 2 3 4 2 1 0 0 0 1 0 0 0 5 1 2 0 0 2 0 0 0 3 0 0.09
2 0 2 0 20 0 2 2 0 9 3 15 0 0 3 3 3 1 0 0 5 11 5 0 6 12 0 0 1 1 0 1 3 0.27
0 5 0 2 0 0 0 10 0 2 0 8 1 7 3 7 0 14 0 0 14 4 2 2 11 0 9 9 13 3 10 4 0 0.38
7 7 0 10 1 3 5 9 0 24 11 2 0 0 0 3 2 15 3 0 0 1 11 9 5 1 0 5 3 0 0 0 13 0.38
2 2 1 10 6 24 12 23 4 14 0 5 1 0 14 8 0 2 0 5 2 21 2 2 6 10 9 0 1 23 0 4 3 0.46
11 0 18 42 37 0 0 37 0 0 0 49 45 0 20 34 34 41 0 46 12 40 0 0 24 8 0 0 17 0 56 0 35 0.56
0 3 12 16 0 0 19 18 0 3 0 0 43 32 0 7 54 32 33 14 34 0 36 149 59 33 41 50 15 49 0 15 46 0.67
0 1 7 0 14 0 8 0 0 1 0 0 4 6 14 11 0 8 7 4 0 0 0 9 0 18 10 2 0 13 2 3 0 0.36
0 46 33 63 63 0 9 3 26 0 0 0 0 0 34 116 34 0 0 0 0 3 0 32 17 29 0 46 0 0 0 0 34 0.43
2 0 2 2 2 0 7 0 10 1 19 4 0 11 1 0 9 4 4 3 0 10 0 6 8 8 8 0 19 0 1 0 0 0.36
0 2 0 0 13 10 0 9 3 13 0 10 1 9 3 0 1 0 1 0 2 0 0 2 0 6 2 2 0 0 3 10 0 0.29
35 8 18 36 0 8 36 21 34 0 12 14 16 100 46 0 28 31 12 34 18 0 35 31 0 0 47 1 42 28 123 0 33 0.74
0 0 8 34 46 80 0 11 24 29 16 28 0 1 0 0 27 36 46 0 1 13 31 2 29 87 40 0 0 0 0 19 33 0.58
3 4 6 0 1 0 0 2 1 3 1 0 0 0 5 4 0 1 0 0 0 0 0 0 0 0 0 0 0 0 0 0 0 0.09
3 2 0 0 0 13 1 12 18 0 7 8 0 9 7 13 6 0 0 0 0 7 11 14 2 0 14 12 0 0 10 0 0 0.43
7 2 2 6 20 8 7 1 11 10 10 2 10 5 3 6 0 8 4 4 4 3 2 8 0 0 5 0 0 2 3 5 9 0.47
0 2 3 0 0 0 1 0 0 0 1 0 0 6 1 0 4 0 0 1 0 0 3 0 0 4 0 0 2 0 2 3 0 0.1
0 0 2 0 3 0 0 2 0 3 2 2 2 1 0 4 0 0 1 4 0 0 0 6 3 0 2 0 1 0 2 0 4 0.13
0 0 0 0 45 31 0 0 115 2 113 33 11 27 48 33 0 9 0 24 0 26 0 16 33 84 21 10 12 25 24 28 5 0.65
0 5 1 8 0 22 6 4 1 3 0 0 1 3 6 13 24 16 3 0 0 0 0 23 2 13 0 1 21 10 6 0 6 0.41
44 0 19 43 31 27 0 24 26 39 12 0 0 0 44 0 36 16 1 0 0 0 41 34 2 18 48 32 27 36 105 33 97 0.67
39 41 4 17 63 37 34 31 29 34 0 0 32 15 18 33 0 0 62 36 0 7 0 32 35 0 18 7 0 0 0 36 61 0.66
6 3 3 0 0 0 3 4 3 0 1 3 6 0 0 4 0 3 0 0 0 0 1 0 4 0 1 0 0 0 0 3 0 0.14
0 3 4 3 1 0 0 0 0 0 1 2 0 0 0 1 0 0 2 4 0 2 0 2 0 1 0 0 0 0 0 0 0 0.07
0 0 0 0 0 6 0 0 0 0 0 0 0 2 1 0 3 0 2 0 1 0 0 0 6 0 0 0 0 0 0 1 0 0.06
2 0 9 0 0 5 14 3 3 0 3 6 16 5 2 17 4 6 1 5 0 4 0 0 0 4 1 0 1 0 21 3 0 0.32
6 0 14 6 1 2 3 0 0 0 2 0 0 0 0 2 4 11 11 2 5 2 0 3 0 14 8 3 0 0 0 0 8 0.29
0 4 1 0 0 0 0 0 0 0 0 1 0 0 3 0 3 3 0 0 4 4 0 0 0 2 0 0 0 0 3 0 0 0.08
1 6 14 3 0 0 0 0 0 6 5 6 0 3 0 10 0 0 0 3 1 0 0 0 0 0 2 17 12 0 0 0 0 0.23
0 0 32 6 17 25 20 35 58 0 2 31 3 33 33 0 0 0 0 0 0 0 31 0 91 41 0 34 63 14 0 37 153 0.54
0 0 0 39 42 0 35 45 62 129 18 22 0 0 0 0 15 0 14 31 32 32 0 0 21 0 0 0 0 0 0 0 50 0.45
0 6 13 6 1 1 7 10 0 1 4 10 1 2 0 9 8 4 19 16 1 0 3 10 3 0 10 8 21 0 7 5 5 0.49
9 1 10 3 2 0 0 1 11 0 13 0 5 4 0 17 2 4 0 1 0 12 0 4 6 4 0 0 0 1 3 13 0 0.33
0 0 0 2 0 0 0 3 0 0 6 0 0 0 2 0 0 0 0 0 0 6 3 0 0 0 0 5 0 0 0 0 1 0.08
5 0 5 0 0 0 0 0 0 2 1 3 0 0 0 1 0 0 3 2 2 0 1 0 0 0 0 0 2 3 2 0 0 0.09
0 0 0 0 0 4 0 1 0 0 1 0 6 0 4 4 1 0 0 0 0 2 0 0 0 0 0 4 0 0 0 3 5 0.1
0 0 3 8 2 5 1 13 0 0 0 0 0 0 0 1 0 1 0 8 0 0 11 9 17 17 0 9 0 18 3 0 0 0.3
9 0 7 1 0 4 4 1 14 0 5 0 5 1 17 3 2 0 1 3 19 0 1 1 0 7 10 7 17 3 0 0 10 0.37
3 1 0 2 6 2 0 0 1 1 2 0 4 0 0 2 4 3 4 0 4 0 0 0 0 2 0 0 6 0 1 3 1 0.15
0 39 16 7 45 17 33 46 51 9 44 0 0 0 28 26 26 0 17 17 47 0 0 0 42 0 0 0 0 41 0 0 41 0.56
88 0 0 0 0 48 33 51 54 34 0 0 11 0 58 32 29 38 40 0 13 0 26 0 17 0 31 0 0 42 31 159 20 0.6
0 0 3 0 0 0 0 1 1 0 0 0 0 0 3 0 0 0 0 0 0 0 0 0 0 4 0 1 0 0 0 3 0 0.04
31 32 9 27 0 0 0 50 95 1 22 29 21 98 11 27 0 36 17 60 38 30 0 0 38 60 0 0 0 53 0 0 19 0.63
0 8 11 8 0 7 0 0 1 0 1 1 0 1 6 1 0 4 15 14 5 10 0 3 0 0 18 0 0 0 0 0 3 0.3
6 0 0 0 0 0 2 0 0 5 0 1 0 0 2 0 0 0 0 0 0 0 0 6 4 0 0 0 3 0 0 0 2 0.09
16 0 0 7 13 6 0 5 13 0 8 12 13 5 14 5 3 9 0 0 0 0 0 0 7 2 3 0 0 0 0 14 0 0.39
9 0 0 146 0 0 8 41 3 0 0 25 47 0 90 0 19 32 16 19 47 0 36 0 16 42 0 0 34 21 0 24 47 0.57
0 0 17 1 2 15 3 4 4 0 0 6 6 14 12 14 0 9 0 0 0 1 6 0 0 0 0 0 0 2 9 0 0 0.31
3 4 0 4 5 0 1 18 8 5 0 8 1 5 2 2 3 0 0 10 2 0 4 12 13 10 0 13 2 11 0 1 2 0.39
4 10 2 3 0 0 1 11 14 10 0 0 1 0 2 6 0 2 2 6 10 0 18 0 3 13 10 3 9 5 0 0 0 0.39
0 0 0 0 3 1 1 0 0 0 3 0 0 0 0 3 0 1 3 0 1 0 1 2 6 0 1 2 0 0 1 0 4 0.1
4 2 24 0 4 1 0 3 1 9 7 13 3 0 0 0 0 7 2 1 0 3 0 22 0 5 6 5 0 24 9 0 10 0.36
0 35 8 149 0 37 8 0 8 0 0 48 0 0 0 0 0 39 0 133 18 160 2 46 0 28 19 31 33 19 22 0 6 0.55
9 0 0 1 0 7 7 1 9 0 0 10 21 0 0 4 2 2 3 3 17 2 1 4 2 3 1 0 0 12 15 19 1 0.36
0 1 0 0 8 2 7 0 0 9 0 0 9 0 7 13 5 6 3 7 0 0 1 16 0 5 1 16 9 7 3 4 5 0.39
2 4 8 0 14 3 1 5 0 0 2 0 2 0 0 18 1 0 7 5 5 3 13 8 2 10 1 0 5 6 0 0 4 0.34
16 37 0 11 28 41 0 47 30 0 29 0 0 45 33 46 22 0 93 39 0 0 0 0 20 42 21 0 34 16 26 22 0 0.63
0 0 3 3 0 8 8 0 0 1 2 3 1 2 18 6 7 2 1 20 12 8 2 0 2 8 0 0 7 0 5 5 0 0.34
1 0 2 0 10 14 2 0 5 0 0 2 0 0 0 13 0 1 1 4 3 1 6 1 0 0 0 13 3 0 0 0 13 0.24
56 35 0 32 0 5 40 3 37 23 0 0 30 0 83 0 31 40 0 40 8 18 42 33 50 44 7 0 0 45 0 20 37 0.64
37 23 30 0 20 15 25 21 35 0 160 6 33 33 0 0 0 0 26 0 0 0 11 0 0 0 46 26 41 54 6 31 34 0.61
13 2 3 4 1 2 1 0 9 0 14 1 17 9 6 7 6 0 1 3 3 0 1 11 5 9 6 3 13 1 0 0 0 0.4
3 1 1 6 6 0 8 0 13 4 9 15 2 6 0 0 0 3 0 9 5 0 10 0 0 13 7 11 7 6 2 1 5 0.42
3 2 10 1 2 6 8 24 17 0 0 4 8 10 0 0 0 6 6 0 0 2 0 8 6 8 11 5 4 0 4 3 11 0.44
7 0 1 4 0 0 10 5 17 0 0 11 1 4 0 14 0 0 0 9 9 12 2 0 5 4 1 12 0 3 3 8 0 0.38
39 33 47 21 12 34 0 0 14 96 0 0 15 0 0 0 16 23 33 0 14 32 0 0 34 96 21 18 0 0 32 0 27 0.6
0 4 6 0 0 1 0 0 0 0 0 0 4 0 1 1 0 0 3 0 0 0 2 2 0 6 4 0 0 0 0 3 0 0.11
2 5 2 2 3 0 2 0 6 0 3 0 0 0 0 0 1 0 0 0 0 0 5 0 2 0 0 3 2 3 0 2 3 0.13
5 7 9 4 1 0 12 2 3 2 6 0 0 3 5 2 6 5 0 1 10 2 8 0 2 9 0 22 5 13 0 10 1 0.41
3 0 0 0 4 1 0 0 0 2 6 0 0 0 0 0 0 0 0 3 3 3 0 0 6 2 0 0 0 0 0 0 0 0.1
3 0 0 0 2 0 0 2 0 3 0 0 2 0 2 0 0 0 0 1 0 2 0 0 1 0 0 0 1 4 0 1 0 0.07
2 0 7 0 0 16 0 0 0 14 5 0 0 13 0 1 0 6 0 0 0 5 9 0 0 0 0 7 3 0 7 0 7 0.26
3 7 0 0 0 6 14 4 0 0 4 2 4 6 2 0 0 14 11 0 0 1 0 0 6 5 2 0 11 0 16 0 0 0.3
16 2 0 27 31 0 0 75 0 11 11 5 15 0 158 39 0 36 48 66 54 91 37 33 37 0 39 0 38 0 36 0 35 0.65
38 35 0 20 0 12 0 0 0 0 0 2 30 0 0 21 26 91 36 40 0 0 0 6 0 0 20 39 41 59 0 24 0 0.47
4 6 0 6 9 3 1 0 16 10 5 3 10 1 20 2 0 3 0 6 5 14 3 2 2 2 3 4 18 4 0 0 9 0.43
89 42 38 35 59 33 18 1 30 0 33 15 0 22 0 0 45 0 48 103 0 9 0 67 8 17 0 31 10 0 42 0 0 0.63
0 1 0 9 3 0 20 8 1 26 2 34 36 0 0 0 10 35 45 38 36 51 35 0 22 41 0 22 77 0 4 37 9 0.59
3 3 3 0 2 2 8 9 4 5 0 19 18 0 12 4 1 7 1 10 10 11 9 2 0 1 0 0 2 3 0 2 6 0.41
0 12 0 0 33 0 0 21 47 27 20 9 0 47 36 0 0 0 0 0 44 34 0 20 0 7 0 0 0 0 6 0 10 0.43
2 18 12 8 9 1 5 4 0 1 0 2 20 2 14 4 2 2 12 8 0 0 0 3 3 2 5 6 4 7 0 0 2 0.4
5 0 0 4 0 2 0 0 3 1 0 0 0 0 0 0 0 0 0 0 0 0 1 6 0 0 6 0 0 0 0 0 3 0.09
0 0 4 2 3 0 6 0 0 9 8 16 1 3 2 14 1 21 8 21 24 8 8 2 1 5 13 1 4 0 1 0 10 0.44
3 0 35 84 26 49 0 23 0 16 0 37 0 40 0 43 0 36 0 0 0 79 48 5 78 32 70 110 36 50 31 9 0 0.62
8 10 18 0 10 10 0 0 11 14 11 0 0 16 10 8 1 0 9 19 7 16 4 1 0 0 4 2 9 3 0 2 18 0.53
0 23 0 39 40 103 0 0 41 33 0 8 32 0 19 18 0 35 0 0 40 0 0 10 0 0 0 0 0 0 0 31 3 0.42
5 2 3 16 1 0 5 2 9 0 3 2 2 0 2 0 0 5 0 0 2 2 10 0 0 3 4 5 15 1 4 6 0 0.29
5 3 3 5 14 3 3 10 2 9 14 0 0 4 0 0 12 0 5 0 3 0 8 0 10 2 3 0 3 1 0 3 0 0.34
3 0 0 0 10 3 5 2 10 5 6 0 0 0 9 18 1 2 2 9 0 8 10 0 1 10 1 1 4 9 0 6 4 0.39
4 2 0 0 0 0 0 1 0 9 9 3 0 1 0 10 0 0 4 0 3 0 3 0 13 8 0 0 6 5 13 2 0 0.27
7 10 4 1 0 0 18 18 0 3 18 12 1 0 2 0 14 3 14 24 10 1 3 10 7 4 10 2 1 3 4 8 9 0.52
0 4 3 0 3 0 0 2 0 1 0 0 1 0 0 0 1 0 0 0 0 0 3 4 3 0 0 3 3 1 1 0 0 0.1
31 3 32 96 0 6 0 0 0 0 35 13 0 59 0 23 0 0 0 0 22 1 0 33 0 0 40 4 0 37 36 31 0 0.43
12 0 0 0 3 3 16 11 2 1 0 4 0 12 14 14 0 7 1 7 0 0 5 0 0 4 14 2 0 19 0 0 0 0.36
0 0 14 0 2 0 6 0 0 1 0 0 0 0 7 0 0 0 0 1 2 9 0 0 0 0 0 1 2 7 9 15 0 0.2
0 2 7 11 0 0 8 9 1 0 8 7 5 0 0 7 3 0 0 0 5 0 0 0 6 0 10 3 0 0 10 4 1 0.32
3 1 1 0 2 0 0 0 10 17 10 10 0 0 0 0 3 3 12 3 0 0 3 0 8 0 0 10 5 9 8 0 0 0.33
0 8 0 41 39 0 81 35 16 0 34 0 41 0 10 16 0 50 0 57 39 1 0 17 13 37 0 0 0 36 39 0 48 0.57
0 0 30 0 0 0 39 27 74 6 62 20 0 32 0 18 17 0 0 0 33 3 3 24 0 31 0 35 18 27 0 16 0 0.52
6 4 10 2 1 5 16 13 9 0 4 0 18 22 2 6 0 6 4 17 2 4 3 1 0 0 0 8 2 8 0 0 14 0.44
2 0 0 1 0 0 0 0 0 0 0 2 4 0 1 3 0 0 0 0 2 0 0 0 2 0 0 2 0 0 1 0 0 0.06
3 4 0 1 3 0 0 0 0 0 1 0 0 0 0 6 0 0 0 0 0 0 0 3 0 0 1 0 0 0 3 0 0 0.07
3 4 1 11 18 19 6 0 4 0 1 0 0 7 3 3 5 2 9 0 1 2 12 12 8 4 16 0 9 0 0 1 1 0.4
4 2 0 2 6 5 6 0 0 4 0 0 0 0 2 3 0 0 1 0 3 0 0 2 0 0 0 0 2 3 6 0 1 0.15
8 4 3 6 2 3 4 9 0 21 3 4 0 7 12 3 0 4 0 0 0 8 2 0 0 9 8 5 2 0 8 19 0 0.4
3 6 1 6 0 14 3 6 0 10 5 10 0 0 14 0 8 14 6 0 0 0 10 10 6 3 8 3 0 7 0 0 2 0.43
0 0 0 0 0 0 0 3 2 0 0 0 6 1 0 0 0 0 2 0 2 0 2 3 0 3 3 0 0 3 5 0 0 0.1
12 2 4 5 9 0 1 0 1 9 1 4 7 14 9 0 1 1 0 10 17 5 0 3 9 10 17 0 8 0 5 19 0 0.46
5 0 16 21 8 20 8 0 10 1 13 1 8 7 0 5 0 0 0 7 11 18 1 5 6 1 0 4 1 2 2 3 0 0.43
0 4 3 1 0 0 0 0 0 3 3 0 6 1 0 0 0 0 0 0 3 0 0 1 0 1 6 0 2 0 1 0 0 0.1
0 2 4 0 0 0 0 0 3 0 6 0 0 0 0 5 0 0 5 6 2 1 5 1 3 0 0 0 0 2 4 0 0 0.14
0 0 17 6 0 19 0 0 2 15 5 6 0 14 0 0 0 0 0 8 1 1 11 0 0 0 5 3 0 5 1 1 2 0.29
0 0 0 0 4 0 1 1 1 1 11 0 0 6 0 1 2 0 3 24 5 2 5 0 1 11 0 0 8 0 1 0 9 0.24
0 11 0 0 9 0 12 1 0 3 43 23 0 1 0 25 87 32 32 132 41 0 0 0 5 33 8 0 0 40 64 40 0 0.5
0 0 0 3 0 0 0 2 4 0 5 6 1 0 15 0 2 0 19 12 0 8 0 5 0 4 0 0 6 7 0 4 9 0.29
13 10 4 0 0 8 5 2 14 0 6 6 10 10 0 0 0 0 0 0 6 1 0 3 0 0 7 0 13 18 6 0 0 0.37
0 4 7 0 0 3 0 0 0 19 10 0 8 4 1 0 0 13 6 0 1 7 9 0 0 10 3 7 14 2 18 0 2 0.37
113 38 0 0 0 60 39 34 0 36 51 38 0 39 6 40 0 17 45 46 0 0 36 34 0 118 0 40 0 148 14 51 36 0.65
3 1 0 0 0 1 3 1 2 0 3 0 0 0 0 4 0 1 2 0 0 3 1 0 0 2 0 2 0 0 0 0 1 0.09
0 0 0 1 3 0 0 0 3 3 0 0 0 1 1 0 0 3 0 2 0 2 0 3 5 0 0 0 1 1 1 2 6 0.11
5 2 3 0 3 0 5 3 10 0 2 11 1 0 2 5 1 0 0 4 13 0 0 1 0 2 6 9 0 1 13 12 0 0.31
0 4 0 0 0 0 0 0 0 0 0 2 0 0 3 0 0 1 0 1 0 2 0 3 0 0 0 0 0 6 0 0 0 0.06
0 0 0 0 3 1 2 4 12 5 0 0 0 3 4 0 3 10 9 20 10 5 13 8 2 5 6 0 0 1 13 4 4 0.39
45 45 0 0 30 44 44 0 5 0 0 8 6 0 23 46 0 46 0 27 73 84 20 35 24 4 0 0 93 0 2 0 0 0.53
9 8 2 0 1 2 0 0 0 0 3 10 0 4 0 10 0 5 15 3 7 4 2 0 0 17 3 0 0 1 1 4 0 0.3
0 0 3 1 2 2 2 0 0 4 0 4 0 0 0 4 0 0 0 1 0 0 0 0 0 5 2 0 4 0 6 0 0 0.12
2 0 1 0 0 0 0 2 0 2 0 1 4 0 6 0 0 0 2 2 0 0 2 0 0 0 0 0 0 0 2 0 0 0.07
3 2 0 0 2 2 1 4 0 0 0 0 3 0 0 4 1 2 0 0 2 0 0 1 2 2 0 0 0 0 0 0 0 0.09
5 2 1 2 7 5 4 24 1 3 3 0 14 4 1 10 0 6 1 0 0 0 0 0 2 0 0 0 0 4 0 1 3 0.25
0 33 34 31 40 32 0 0 0 0 18 43 39 0 0 32 14 93 0 0 157 41 6 0 0 102 46 0 4 0 42 0 0 0.51
3 7 3 5 3 1 9 0 0 9 1 0 3 6 0 0 0 7 7 0 0 2 13 0 5 18 0 5 0 0 10 1 0 0.32
4 0 5 0 4 0 1 1 0 3 5 0 0 0 0 0 0 0 0 0 0 6 0 0 0 0 6 1 2 3 6 2 3 0.15
2 11 8 0 0 9 9 3 8 16 8 4 5 1 2 13 11 0 0 4 0 0 0 0 4 0 0 0 6 8 2 3 0 0.38
5 9 1 2 9 0 5 0 0 23 12 0 7 4 2 22 7 2 6 2 3 2 0 5 2 1 10 13 0 4 2 0 0 0.39
3 0 4 1 0 2 0 5 3 3 0 0 0 0 1 0 0 2 6 6 0 0 0 0 5 1 5 0 6 0 6 0 6 0.19
4 6 0 12 4 5 5 8 6 1 4 0 0 0 2 2 0 0 6 2 0 1 6 4 5 3 17 9 12 1 2 0 7 0.37
19 12 8 18 17 1 11 1 8 1 18 0 0 0 9 15 8 7 14 11 0 14 0 0 0 0 1 1 0 1 14 10 0 0.5
14 7 9 8 0 6 1 0 2 0 0 15 0 1 2 1 3 2 5 5 3 0 6 1 11 10 0 13 0 3 3 3 3 0.37
17 0 0 39 0 0 0 8 2 0 0 0 0 0 0 0 35 0 0 0 100 21 0 0 51 0 0 38 18 37 21 121 51 0.39
2 0 4 0 0 5 1 0 0 0 3 2 2 4 0 0 0 0 0 0 4 0 4 0 0 6 0 0 1 0 0 0 2 0.12
0 0 0 0 2 11 6 12 1 0 0 0 0 2 0 0 14 1 2 0 1 0 8 0 11 6 12 0 0 1 0 0 0 0.24
1 0 0 3 0 3 0 3 0 0 6 0 0 3 2 0 0 2 0 3 0 0 0 0 3 0 0 1 1 2 0 0 2 0.1
2 2 10 0 2 0 5 4 0 1 0 12 13 8 13 8 2 0 2 5 1 8 12 7 0 6 1 13 0 9 1 1 4 0.42
1 5 3 1 0 0 0 3 0 0 0 0 13 19 1 11 0 0 8 0 2 8 5 5 0 18 10 0 8 3 0 0 3 0.32
0 0 6 2 1 3 23 0 14 2 4 3 9 13 9 21 8 10 1 9 0 1 4 4 18 2 5 10 0 20 1 1 0 0.46
0 2 3 14 0 2 2 3 3 0 5 1 10 0 3 6 1 0 0 0 4 5 0 11 3 3 0 9 1 0 7 0 2 0.28
1 0 0 4 5 1 0 0 3 4 0 0 2 0 0 1 5 1 2 0 0 0 6 1 0 0 3 3 0 0 0 0 0 0.12
10 0 0 2 2 0 0 1 0 7 4 9 0 3 4 2 0 7 0 3 2 14 0 10 0 0 2 1 2 0 10 6 9 0.32
15 0 14 0 2 1 0 0 2 0 0 14 3 1 0 3 0 0 1 4 3 3 9 10 0 3 8 8 0 0 0 10 3 0.31
2 0 44 0 47 31 33 20 0 0 0 19 35 0 0 36 18 0 0 79 0 0 44 31 0 0 0 7 0 47 0 34 24 0.48
2 1 0 0 0 0 2 0 0 0 0 3 0 0 0 0 3 0 6 3 2 1 0 0 4 1 3 0 3 0 0 0 0 0.1
0 3 0 0 0 0 0 1 0 1 4 0 0 0 3 6 0 0 0 0 2 1 2 4 0 1 0 0 0 0 0 0 0 0.08
5 0 1 3 1 0 0 6 0 1 6 0 0 0 0 0 0 2 1 4 3 2 2 0 0 5 0 0 0 0 0 3 4 0.14
4 0 13 0 3 0 5 0 4 9 3 11 3 18 0 0 14 2 2 0 2 0 4 4 14 0 8 1 4 0 0 3 0 0.33
0 0 8 3 12 14 0 3 12 0 1 3 0 0 0 10 4 7 5 0 2 2 5 9 0 0 6 0 7 10 11 2 5 0.4
0 4 0 0 0 0 2 0 4 0 2 0 1 0 3 0 0 0 0 1 0 3 0 0 0 0 0 0 0 1 0 0 6 0.08
3 0 2 0 1 0 0 3 3 1 0 0 3 0 0 2 1 0 2 3 0 0 0 0 0 0 0 0 0 0 0 0 3 0.08
0 7 0 1 16 3 0 15 0 0 18 0 12 1 0 0 3 7 4 18 15 8 1 1 8 9 11 5 3 3 0 18 12 0.46
9 1 2 9 3 13 9 2 0 4 0 0 10 18 1 7 10 2 17 0 3 0 8 14 3 11 6 0 10 3 12 0 0 0.49
6 0 0 2 4 0 0 3 0 0 2 4 0 4 0 0 0 3 0 0 0 0 0 2 0 0 0 0 0 0 3 0 0 0.1
0 0 1 0 0 0 6 0 2 0 0 2 0 0 4 0 0 2 0 3 0 0 2 0 0 0 0 0 0 0 0 0 0 0.06
101 7 0 32 41 29 0 40 44 49 72 37 34 14 0 26 43 0 44 110 67 0 13 39 0 12 8 37 0 0 0 13 26 0.71
3 0 0 0 3 0 0 2 1 3 0 0 0 4 0 1 0 0 4 3 3 0 5 0 0 0 0 3 0 3 3 0 0 0.12
0 0 64 0 9 0 5 35 0 0 33 25 19 0 23 18 36 0 35 35 12 95 30 11 0 38 22 0 0 0 51 80 0 0.58
59 4 0 23 77 41 0 0 10 8 18 0 0 38 0 38 0 0 0 0 39 46 34 19 159 2 37 0 14 39 0 49 19 0.58
10 2 5 0 2 8 0 6 4 5 3 10 6 6 13 5 0 18 9 22 6 4 7 20 2 3 0 3 3 10 1 2 6 0.5
0 0 0 0 0 1 19 2 3 0 4 3 3 0 0 16 3 0 16 0 0 8 16 18 0 9 1 3 0 0 11 8 0 0.32
10 14 8 2 0 5 0 2 3 0 11 4 0 0 0 0 3 0 3 2 3 5 2 10 3 0 17 9 8 0 0 15 3 0.37
8 13 15 10 3 0 13 4 4 22 2 9 0 0 0 0 4 0 3 1 0 1 7 0 2 1 1 1 0 1 0 3 0 0.31
0 0 0 3 1 6 0 4 0 4 3 0 4 0 0 2 0 0 0 5 0 0 0 0 0 0 0 0 0 0 0 0 0 0.09
0 37 0 0 22 0 35 18 0 10 39 0 33 0 48 49 0 55 0 37 26 0 38 13 29 0 36 29 0 0 39 0 0 0.54
7 16 0 0 18 0 0 6 0 2 0 16 0 12 10 9 2 15 12 19 0 5 0 0 8 13 3 0 3 3 2 8 16 0.47
9 14 0 0 10 0 15 6 15 0 0 2 11 15 2 3 3 0 2 2 0 0 0 3 7 9 19 10 1 7 3 0 10 0.45
1 0 0 0 3 0 1 0 14 0 0 6 1 0 14 0 2 17 0 3 9 0 0 15 12 2 10 11 0 3 11 11 0 0.36
1 0 2 0 2 2 0 4 1 4 4 0 2 0 3 2 0 0 3 3 0 0 3 0 4 3 4 0 0 4 0 5 0 0.16
0 4 8 13 1 4 4 3 3 1 1 7 5 0 0 4 3 5 9 1 0 8 2 14 0 0 6 5 0 14 0 2 3 0.36
8 0 2 0 0 17 65 10 45 0 0 0 43 1 0 0 15 0 10 0 0 42 33 41 35 0 49 0 0 0 18 0 37 0.45
0 0 0 0 0 0 4 0 2 2 0 0 3 2 0 4 0 0 0 4 0 1 3 1 0 0 6 0 0 0 6 0 2 0.12
1 0 0 1 5 0 0 2 0 0 1 0 4 2 0 0 0 0 0 5 0 4 0 3 2 0 1 0 0 0 4 2 3 0.12
9 0 0 0 2 0 10 0 0 4 3 6 0 0 0 0 6 3 7 1 0 10 0 2 11 0 12 0 0 4 1 0 2 0.27
0 3 0 0 2 3 0 0 4 2 1 3 3 0 0 4 0 3 0 0 0 0 0 0 0 6 3 0 0 0 2 0 0 0.11
14 0 0 2 8 13 4 2 4 2 3 0 15 16 0 0 3 7 0 0 2 0 0 0 0 15 9 0 0 8 3 0 0 0.32
0 3 3 0 0 3 5 0 1 0 0 1 7 1 8 20 2 0 6 5 0 10 13 19 7 0 5 0 3 22 7 21 3 0.39
40 0 8 36 0 0 28 31 10 0 109 48 0 0 0 29 38 0 0 0 23 22 0 7 10 0 24 27 0 32 63 21 26 0.59
12 52 12 129 18 0 0 0 0 0 156 0 0 41 9 0 81 35 40 31 0 93 0 22 5 45 0 0 0 5 50 0 26 0.54
1 4 0 6 0 0 0 0 2 0 0 0 6 1 3 0 0 0 5 1 0 0 0 2 1 2 0 1 0 0 0 0 3 0.11
0 0 10 6 0 0 3 23 1 4 3 1 3 1 6 5 6 19 3 0 5 7 5 12 3 2 2 17 1 0 0 6 0 0.37
18 30 0 7 55 38 0 0 35 0 0 0 52 0 1 0 69 0 0 0 0 0 6 45 33 35 19 0 18 0 24 11 15 0.49
0 1 0 7 10 5 1 0 24 8 6 10 19 7 2 8 0 3 6 0 0 2 0 1 0 3 2 10 3 10 2 4 0 0.39
0 0 55 0 0 46 16 13 0 0 0 0 17 41 33 0 77 42 0 41 0 0 4 37 3 90 0 0 43 39 0 0 13 0.47
37 43 63 0 33 0 36 0 0 34 20 7 53 47 46 65 32 0 0 31 38 34 31 0 12 11 31 0 50 0 49 10 47 0.71
45 150 0 0 0 24 37 0 0 0 58 21 0 43 0 33 0 0 0 36 0 31 0 32 32 0 50 21 8 8 0 0 37 0.5
5 2 2 2 4 4 6 1 13 9 1 6 6 2 5 4 0 3 5 3 7 11 6 6 1 2 17 1 0 0 3 10 4 0.42
4 0 0 2 2 2 0 2 0 0 2 0 3 0 3 0 2 0 0 1 0 0 0 1 0 0 3 0 0 0 0 0 0 0.08
24 22 32 0 16 0 0 33 48 47 29 43 26 96 32 0 24 0 0 42 0 38 0 29 0 21 29 36 46 13 6 0 34 0.68
0 0 0 36 0 83 13 0 40 0 15 0 34 0 34 2 51 0 0 44 0 16 16 34 41 12 0 35 19 49 46 4 41 0.59
5 134 0 0 12 0 17 0 0 21 0 0 27 17 0 0 52 23 0 11 36 37 6 20 30 32 26 31 0 23 0 35 0 0.57
7 3 3 1 0 10 0 0 6 0 0 0 12 9 8 9 3 1 3 0 0 1 0 9 5 1 0 2 2 15 0 0 9 0.33
2 3 2 0 0 0 0 0 3 6 3 0 0 4 0 0 0 0 0 6 2 0 0 0 0 0 5 1 0 2 0 2 0 0.12
0 2 6 0 0 20 6 0 11 11 0 0 1 10 3 0 0 0 0 6 0 7 0 8 1 1 7 4 13 9 0 9 11 0.39
0 3 10 0 0 4 8 0 0 3 0 0 6 2 9 4 1 11 17 0 2 0 0 0 9 6 0 0 7 4 3 10 0 0.33
10 0 16 0 3 0 2 4 0 1 8 0 3 7 2 9 4 0 13 0 3 0 2 0 0 0 0 4 12 1 0 13 2 0.31
4 1 4 2 5 0 8 6 6 4 4 0 8 18 12 7 4 0 0 8 13 0 7 0 5 5 3 6 22 0 23 5 5 0.47
8 22 12 3 13 0 0 2 3 0 3 3 0 0 16 3 0 0 1 11 0 5 3 3 5 3 0 3 0 8 3 6 18 0.37
0 2 1 1 1 2 2 0 1 2 5 5 0 0 3 0 0 0 0 0 3 0 0 2 1 0 0 0 2 3 0 3 3 0.12
39 10 0 31 39 0 0 0 27 50 48 35 36 31 0 0 0 41 35 0 38 0 58 3 0 24 76 0 14 46 49 90 50 0.64
8 0 13 4 10 0 1 0 0 1 10 2 17 2 0 3 2 8 4 7 0 1 2 2 8 7 11 7 0 3 12 10 6 0.44
18 17 65 61 17 0 19 0 19 0 2 0 29 2 0 0 58 0 0 51 25 24 26 32 1 4 0 44 0 0 39 0 0 0.51
0 0 1 7 10 6 0 13 0 10 8 4 4 0 3 0 7 8 9 4 14 0 0 0 2 18 0 7 0 10 2 0 0 0.4
12 3 6 1 4 4 0 9 9 1 0 6 10 2 0 0 9 11 13 0 8 0 0 1 9 0 6 0 3 4 2 1 7 0.4
1 0 1 7 0 0 3 12 0 0 3 0 5 3 0 0 11 3 0 13 15 0 5 0 10 0 16 6 0 0 0 3 0 0.3
10 0 1 11 0 0 0 2 9 0 3 5 0 12 0 1 2 0 11 14 3 4 10 9 3 0 0 0 9 11 2 0 0 0.37
0 26 17 0 0 12 0 17 44 96 13 0 50 23 42 0 31 14 55 36 40 41 35 0 0 23 55 108 0 28 32 0 0 0.66
12 119 32 37 15 36 83 35 14 0 0 0 84 54 31 33 0 0 0 0 0 0 34 0 0 39 34 0 0 32 0 36 0 0.54
2 5 1 0 13 3 2 0 5 8 5 0 7 2 3 7 0 0 1 10 1 3 3 21 1 7 8 1 5 5 0 8 6 0.39
51 32 0 0 36 36 25 37 0 38 0 12 41 3 18 0 103 33 29 0 23 0 0 0 16 41 0 6 47 45 15 0 18 0.63
1 2 0 0 0 0 1 0 3 0 18 8 0 13 0 0 0 1 2 1 2 0 0 0 3 0 0 0 0 0 0 10 2 0.16
3 0 2 5 0 2 2 0 0 2 0 0 0 0 0 4 0 3 0 6 6 2 0 3 0 0 0 0 0 0 2 0 3 0.13
0 0 3 0 0 1 0 1 3 0 0 1 0 1 0 0 5 1 0 0 1 0 0 0 0 1 0 1 1 0 0 5 6 0.09
10 0 0 1 7 1 6 0 0 1 14 0 0 2 0 0 0 5 0 10 8 3 1 1 8 0 0 5 1 13 3 13 1 0.31
3 3 0 0 4 0 1 0 1 0 0 3 1 0 0 0 3 1 0 0 0 0 2 0 0 4 0 0 0 0 0 1 2 0.08
0 0 4 0 0 0 1 0 1 4 0 0 0 0 3 0 0 2 2 0 0 4 1 2 0 0 0 6 2 0 0 1 0 0.1
0 0 0 4 0 0 0 0 0 2 0 3 1 0 1 0 4 0 0 0 0 0 0 1 0 0 0 0 0 0 2 0 0 0.05
0 0 7 2 5 2 18 9 3 5 0 0 3 8 0 0 2 4 7 3 8 1 4 13 4 2 7 0 1 8 0 0 0 0.34
0 40 37 43 0 35 0 0 151 117 11 0 0 0 0 91 34 0 35 4 9 0 105 33 0 5 0 35 36 98 24 39 30 0.6
0 10 0 39 0 0 0 78 16 48 58 19 0 7 16 39 0 20 44 38 31 0 0 48 0 3 49 14 87 3 36 33 0 0.61
4 5 0 1 2 1 10 4 4 0 6 0 4 3 14 2 12 9 4 0 3 5 0 6 0 1 0 7 14 10 0 2 4 0.38
8 0 10 14 9 3 0 0 4 7 18 10 13 6 0 7 0 3 0 0 0 4 2 2 0 1 0 0 8 7 0 0 9 0.39
0 1 7 10 1 3 1 8 0 11 1 6 3 10 0 0 16 1 3 0 16 0 6 0 0 9 3 12 12 0 0 0 1 0.37
53 0 81 0 21 44 0 25 18 72 109 0 0 9 0 15 4 0 0 41 29 41 0 2 33 0 30 0 40 85 31 31 20 0.62
2 0 1 0 0 0 3 0 0 0 1 0 0 0 0 5 6 2 0 0 0 0 0 0 0 4 0 1 0 0 0 0 0 0.07
8 3 0 19 9 0 0 6 2 0 3 0 9 1 13 0 0 1 3 5 16 6 7 3 0 0 11 14 3 6 0 0 11 0.4
0 37 2 0 45 0 0 38 0 0 0 20 54 0 0 0 36 20 38 0 51 33 38 47 0 0 0 75 26 0 41 0 0 0.46
2 2 0 5 12 9 0 5 1 0 0 3 0 2 0 3 18 16 0 6 8 2 5 4 0 5 10 10 0 4 9 2 2 0.39
43 0 0 0 0 53 25 5 0 49 15 45 0 64 47 5 0 30 0 67 0 32 18 0 3 0 0 0 0 0 0 0 21 0.43
54 46 0 0 48 4 38 32 32 31 42 32 0 36 2 111 45 8 0 0 6 18 0 25 10 26 0 46 37 39 38 0 13 0.69
4 9 1 0 0 0 5 0 0 1 9 0 4 17 0 5 6 3 13 3 0 5 2 7 5 4 7 8 5 8 0 0 3 0.37
2 7 4 0 0 1 2 16 0 17 7 0 1 0 9 3 8 2 0 0 0 0 17 0 0 0 0 1 16 0 0 5 0 0.27
0 12 0 0 12 6 7 2 7 5 0 0 17 11 1 19 5 3 10 10 3 8 0 0 11 0 0 0 0 0 0 1 18 0.41
0 0 6 0 3 1 3 0 2 1 3 1 0 2 0 0 0 0 4 0 2 0 0 0 0 0 0 3 0 3 0 1 1 0.1
0 0 5 3 0 7 0 15 1 2 6 7 0 3 2 0 1 0 3 0 0 3 7 0 9 3 2 0 7 15 3 9 6 0.33
4 0 2 0 1 0 0 1 4 0 0 0 0 0 2 3 4 0 0 3 0 2 2 3 3 0 2 0 0 0 0 0 0 0.1
0 11 0 8 10 1 7 0 1 3 11 1 6 3 0 0 0 0 10 6 5 1 0 3 13 11 1 1 14 0 0 0 0 0.35
0 1 0 2 0 0 2 0 0 0 2 1 0 0 3 0 1 0 0 0 0 0 0 2 1 0 4 2 0 2 4 0 3 0.09
1 0 0 2 5 0 0 3 0 1 0 4 0 0 4 1 0 3 0 2 4 0 4 0 2 1 0 4 3 2 0 2 2 0.15
8 14 7 13 14 0 3 9 6 16 0 0 15 11 1 1 0 3 8 3 4 13 3 14 1 5 0 0 2 3 1 3 0 0.45
6 4 0 0 0 0 2 2 6 0 0 0 1 4 0 3 0 6 0 0 0 1 0 0 0 0 3 0 3 1 0 1 1 0.13
17 3 1 2 23 2 1 5 2 11 3 0 3 6 4 8 0 0 4 2 1 0 7 3 1 0 9 3 3 16 4 9 0 0.38
0 38 12 0 34 0 43 35 0 58 54 54 28 0 0 0 0 28 0 0 39 0 36 47 31 1 0 0 32 0 0 36 2 0.49
1 0 4 0 5 0 2 0 0 4 0 0 0 4 0 0 0 3 0 4 0 0 4 0 0 0 0 1 2 6 1 0 3 0.13
0 0 0 1 2 0 2 4 5 0 0 0 0 0 0 1 1 0 0 6 0 0 4 0 0 3 0 0 0 0 0 2 0 0.09
8 0 0 10 1 8 0 5 6 2 2 3 15 7 1 0 1 3 10 8 3 7 10 1 2 10 1 7 10 7 1 2 0 0.44
0 0 0 0 2 10 1 1 14 13 6 0 0 0 0 2 0 8 0 3 8 1 8 0 6 11 2 0 0 3 0 1 9 0.3
8 0 10 0 0 8 0 10 13 0 2 13 1 0 0 2 0 1 3 1 0 3 0 5 13 8 10 5 6 0 6 0 0 0.36
2 2 0 0 7 8 0 0 3 3 1 8 1 4 0 1 4 1 2 1 3 0 0 0 0 13 6 1 0 8 1 6 0 0.25
4 35 40 0 46 0 0 6 27 0 45 20 36 36 21 0 0 16 0 5 0 38 0 0 33 44 6 46 4 0 153 91 33 0.59
0 1 0 0 0 0 1 5 0 0 0 1 0 0 0 3 1 0 2 0 0 3 1 0 0 3 1 3 1 0 0 2 0 0.08
10 11 0 46 56 0 9 35 37 0 0 18 0 0 0 29 21 26 0 159 0 34 1 0 32 128 0 32 0 97 0 30 46 0.57
2 2 8 1 8 0 0 0 0 5 5 7 4 5 0 1 18 10 0 5 3 0 2 1 3 10 0 0 0 0 0 0 0 0.27
4 14 0 4 1 10 6 9 6 4 0 8 0 14 1 6 0 8 3 12 0 2 7 0 8 4 22 6 6 4 1 2 0 0.45
2 0 0 0 0 0 0 5 3 0 1 2 0 0 0 0 0 1 2 0 1 0 0 0 0 0 0 0 2 3 0 5 0 0.08
0 33 5 37 41 0 0 32 2 41 20 0 0 9 0 0 4 0 0 68 33 0 28 14 0 4 23 0 0 0 0 66 39 0.46
24 0 1 37 0 0 0 158 47 13 6 53 37 38 9 56 14 37 22 31 12 19 18 36 30 0 45 33 0 44 0 13 3 0.72
0 19 20 0 4 0 5 1 14 2 1 13 5 7 19 0 0 0 0 2 1 10 3 0 0 0 2 0 8 0 14 3 15 0.37
0 0 0 1 0 0 0 1 2 2 0 0 0 4 0 1 0 4 0 0 0 0 4 0 0 4 0 0 3 0 0 0 1 0.08
16 33 10 34 23 41 31 39 38 34 51 37 0 23 31 0 48 1 0 14 36 0 52 0 3 0 44 29 18 25 22 1 0 0.71
0 7 5 77 44 0 36 0 40 0 0 0 7 70 0 39 17 0 45 0 0 37 0 0 42 47 31 0 0 4 49 3 15 0.5
1 0 0 1 1 0 3 4 0 2 4 0 5 0 0 0 0 0 0 0 0 3 0 3 3 0 1 2 1 3 0 3 2 0.12
44 41 1 34 0 7 35 0 24 0 39 64 0 0 13 0 48 28 43 34 33 0 9 32 0 0 0 42 34 0 0 35 0 0.56
0 1 2 24 3 0 3 1 5 3 3 6 6 13 7 5 0 0 12 9 4 1 6 5 0 13 5 0 7 21 8 0 1 0.42
0 0 0 0 1 0 2 0 2 0 0 0 0 1 0 1 0 0 0 0 1 0 5 0 0 3 0 0 2 0 4 0 3 0.07
3 0 0 0 3 0 3 0 1 4 0 0 0 0 0 4 3 0 0 5 0 2 2 3 5 3 1 0 0 0 2 0 0 0.13
8 20 8 1 6 2 4 9 12 10 0 8 1 2 4 8 0 5 4 7 2 8 10 4 1 1 13 2 4 7 2 2 9 0.51
0 0 27 0 35 0 49 0 0 0 0 37 11 40 45 0 97 15 41 7 35 7 33 0 0 72 0 0 21 3 40 21 39 0.56
36 0 27 0 26 0 7 41 36 35 0 40 0 45 40 25 35 0 47 0 0 42 6 0 19 31 0 0 0 2 0 14 10 0.56
31 27 32 26 0 27 21 0 0 2 0 1 47 50 49 8 22 39 0 4 17 14 13 31 41 31 91 18 0 0 2 0 30 0.65
0 0 0 4 0 0 0 2 0 0 3 0 1 0 1 4 0 0 2 2 1 0 3 0 0 0 0 0 2 3 0 0 0 0.08
5 3 3 0 0 3 6 10 4 0 4 6 3 1 8 4 0 0 1 4 5 11 15 2 0 18 6 3 0 4 4 2 2 0.37
10 0 1 18 6 0 0 1 0 7 10 2 0 0 0 0 0 0 0 0 9 0 0 0 0 0 3 0 0 11 0 0 0 0.2
16 6 0 15 0 0 0 2 2 0 0 0 0 0 15 5 2 2 12 1 0 0 11 5 0 6 3 10 16 8 6 3 0 0.36
0 0 0 0 31 0 0 0 88 69 0 0 45 19 0 0 36 18 0 0 0 0 0 0 54 4 40 29 0 50 11 0 0 0.37
0 0 0 0 5 0 36 0 0 18 65 0 59 0 13 0 48 48 11 0 0 0 25 35 0 26 17 0 0 0 50 33 25 0.46
0 42 0 0 0 134 0 17 21 0 0 19 11 10 0 39 0 23 2 0 31 32 0 15 19 27 36 66 36 1 27 44 0 0.58
10 0 0 6 0 3 7 5 10 3 2 14 11 5 2 0 2 0 1 1 10 0 11 0 0 0 0 8 1 2 1 17 13 0.39
0 7 1 0 9 0 12 0 0 1 5 0 0 0 0 13 7 1 0 0 0 0 1 2 5 5 7 2 6 13 0 0 4 0.28
0 48 0 13 159 0 0 34 45 1 141 17 30 21 153 20 0 21 33 0 0 32 31 0 30 0 0 159 4 12 0 1 44 0.59
40 46 45 0 39 0 0 36 6 0 0 32 18 0 66 33 5 40 0 89 2 15 8 0 0 34 48 0 9 4 0 37 30 0.58
0 12 9 0 5 0 11 0 9 1 0 1 5 0 5 0 0 3 0 4 9 12 2 0 3 13 3 2 6 5 3 4 6 0.37
11 0 31 33 14 50 35 12 0 18 0 44 156 35 39 0 0 0 33 29 122 0 45 0 0 32 24 0 24 18 0 16 31 0.66
72 0 0 110 42 105 0 160 43 60 0 33 35 35 29 36 0 35 6 28 21 0 16 0 48 0 36 37 0 25 34 33 0 0.68
4 1 5 0 0 1 11 14 5 0 6 9 0 2 0 6 2 1 10 12 1 5 9 0 3 13 0 13 0 1 7 12 1 0.42
6 14 0 0 1 0 0 12 0 0 6 0 0 0 4 8 0 4 1 0 3 5 0 2 11 0 2 0 0 0 0 11 2 0.25
5 5 2 1 12 2 6 18 2 0 6 21 1 2 0 0 18 10 0 7 0 4 13 9 0 1 0 8 1 4 4 11 0 0.42
0 0 0 5 4 0 2 0 0 0 0 0 2 3 3 1 0 2 1 0 3 0 1 0 0 0 3 1 0 2 2 0 2 0.11
3 0 0 5 0 0 0 4 0 5 0 0 3 0 0 0 3 0 0 1 0 1 0 1 0 5 1 0 0 6 0 0 0 0.11
0 4 4 0 0 5 3 3 0 5 3 9 0 6 1 4 0 0 0 0 6 3 3 7 2 0 2 1 1 1 1 8 0 0.24
0 3 2 0 3 3 0 0 0 0 0 3 0 0 0 0 0 0 0 4 0 1 0 0 4 2 1 0 0 3 0 1 1 0.09
4 35 46 0 0 27 6 34 140 31 44 0 0 0 38 48 27 38 27 0 0 39 36 0 59 8 0 0 73 49 38 0 22 0.63
6 2 13 7 13 8 1 0 7 1 0 1 1 2 8 1 6 1 0 22 2 0 11 0 9 6 12 0 4 10 7 3 13 0.46
6 0 4 2 0 3 1 0 0 0 12 0 7 0 4 0 3 0 0 6 0 0 0 2 0 4 10 5 5 2 8 9 0 0.27
2 0 0 5 4 1 0 5 5 2 0 0 0 0 0 3 3 0 3 0 0 4 0 0 0 6 0 4 0 2 0 0 0 0.14
1 2 8 3 0 18 2 0 2 0 8 8 2 1 0 8 0 6 6 3 2 4 0 0 0 0 0 1 12 7 8 1 1 0.31
0 41 37 0 0 31 18 0 0 13 36 24 5 28 0 65 12 0 0 33 39 0 0 0 17 24 0 51 0 115 0 0 40 0.53
7 2 0 4 19 6 5 6 0 4 13 0 6 4 9 1 0 10 10 21 0 0 18 0 0 0 12 0 3 22 10 2 1 0.45
3 2 3 0 0 0 1 5 0 2 2 0 0 2 0 0 3 19 0 1 10 1 3 0 14 1 0 10 3 0 0 2 0 0.22
0 12 13 2 2 1 1 0 2 17 13 0 0 0 0 14 0 8 7 1 5 2 0 0 5 15 0 0 7 3 0 12 8 0.37
20 2 3 3 4 1 11 2 0 3 1 9 21 3 0 7 0 2 2 1 3 3 13 2 18 14 4 20 3 4 2 5 5 0.43
4 2 4 2 1 2 6 4 0 2 0 0 0 0 0 0 1 0 6 0 0 4 0 2 0 0 1 0 1 2 0 0 1 0.13
0 0 0 6 2 0 0 1 0 3 3 3 3 5 0 0 0 2 2 0 0 0 1 3 0 5 3 4 4 0 5 4 0 0.17
7 1 9 8 3 5 19 0 3 5 4 11 4 3 2 6 6 0 0 18 3 19 3 8 0 4 0 3 1 20 2 0 0 0.42
0 1 2 8 0 0 10 2 1 0 3 6 0 0 5 0 14 3 0 3 9 18 2 0 0 9 0 6 0 3 0 17 9 0.33
44 5 23 41 43 44 0 38 0 33 50 33 0 4 45 0 41 0 32 3 120 0 0 40 34 47 2 16 0 0 39 80 0 0.61
0 0 0 3 4 0 0 0 0 5 0 7 1 18 18 2 5 13 2 9 2 10 7 3 10 8 1 3 0 3 3 2 2 0.36
0 9 0 0 39 31 0 48 0 0 0 0 0 71 0 0 51 0 16 0 9 0 63 27 0 2 47 0 3 0 0 135 0 0.37
29 37 0 0 52 0 16 38 0 0 39 57 2 0 18 0 39 32 31 0 12 0 0 0 19 0 8 0 26 14 4 0 1 0.5
0 2 2 10 0 12 13 6 3 0 2 10 6 0 7 8 0 13 3 0 16 14 0 0 0 17 7 12 0 0 0 3 3 0.43
4 4 5 2 1 0 3 2 1 4 6 2 10 4 0 0 4 2 2 0 22 9 19 23 20 20 24 2 0 0 0 13 3 0.42
3 3 0 5 0 2 0 0 0 0 5 0 5 0 0 0 0 0 0 0 2 0 3 0 2 0 3 0 0 0 0 0 0 0.1
13 121 9 49 0 41 0 4 42 24 25 52 27 34 33 0 40 0 44 0 38 50 41 0 14 35 1 59 8 34 27 0 0 0.7
2 2 4 3 12 5 10 0 0 5 0 3 0 6 4 0 0 1 24 12 5 5 9 12 0 0 17 0 2 13 9 6 14 0.45
2 2 1 2 10 18 2 0 4 0 10 8 15 6 0 5 7 4 2 0 0 0 0 0 5 0 0 0 0 5 11 15 19 0.37
0 26 49 0 36 0 0 0 0 0 0 0 60 0 37 31 37 13 9 32 0 0 56 25 36 0 34 0 46 0 0 0 0 0.45
8 5 6 4 3 2 3 14 2 16 1 0 14 5 3 0 1 2 3 0 0 19 9 0 3 0 5 5 6 7 0 5 0 0.38
5 3 3 0 0 18 5 22 4 0 0 0 6 10 0 3 6 0 1 5 2 3 8 3 3 4 14 6 6 1 7 10 4 0.41
2 0 1 0 2 0 0 3 0 0 0 0 3 0 2 4 0 2 6 5 0 3 0 0 0 0 1 0 0 2 0 0 0 0.1
0 12 4 0 0 2 1 0 0 4 6 0 3 0 13 4 1 3 0 0 1 0 12 0 1 0 5 0 0 8 6 13 2 0.27
1 10 0 0 24 4 3 9 6 14 11 0 0 14 4 1 15 1 0 0 12 1 4 3 7 0 2 3 1 0 0 3 13 0.4
0 1 6 3 0 3 0 0 0 2 0 0 0 4 0 0 2 0 1 0 5 0 2 0 0 0 0 0 6 5 0 0 2 0.12
32 32 22 0 33 39 0 0 0 0 136 27 0 0 0 0 35 34 0 35 26 0 0 0 40 0 0 39 64 0 0 0 31 0.45
45 8 21 0 0 12 34 34 13 40 0 15 23 0 38 0 37 9 5 0 13 0 0 4 70 35 51 0 0 33 16 16 0 0.62
3 13 3 0 6 9 10 3 3 2 0 0 0 6 19 0 7 10 2 4 9 6 23 1 10 10 0 13 10 1 0 5 0 0.48
4 18 1 23 7 0 2 3 3 6 7 0 4 1 5 0 4 9 12 3 4 1 10 3 7 6 5 16 2 16 6 1 3 0.47
10 1 20 0 1 0 10 0 1 0 1 8 0 4 9 7 1 0 0 20 1 1 13 3 7 0 4 1 15 4 24 2 0 0.38
0 0 2 0 0 0 5 0 2 3 6 0 4 2 0 0 0 0 2 0 1 4 0 0 1 0 1 6 1 0 4 0 2 0.13
6 3 2 0 19 0 0 5 0 0 0 12 18 3 2 0 10 5 0 4 0 0 0 0 0 3 0 9 13 0 0 13 0 0.3
3 3 0 0 0 0 5 0 0 0 3 0 0 0 3 1 0 0 1 0 2 4 1 0 2 1 0 0 0 0 2 0 0 0.09
8 11 0 10 0 1 8 9 2 3 0 0 2 6 0 10 0 0 1 3 17 10 0 9 4 12 0 2 0 2 5 24 24 0.43
2 1 4 4 0 0 0 2 2 0 3 2 0 3 0 0 1 0 2 2 0 0 2 4 0 2 0 0 0 0 0 3 0 0.11
12 2 0 9 11 13 11 1 10 0 0 6 1 6 0 0 0 10 0 1 0 7 0 18 5 0 10 9 1 0 2 1 7 0.41
0 3 2 1 4 1 1 4 0 2 1 0 2 0 1 0 2 2 0 0 4 0 0 2 2 0 2 0 0 0 0 5 4 0.13
8 0 0 13 10 0 0 3 0 2 2 2 0 14 2 0 0 0 0 0 7 3 10 0 0 3 3 0 0 0 0 0 1 0.23
16 47 0 41 3 50 61 34 15 3 32 0 40 95 31 51 46 17 45 22 0 0 0 0 36 0 39 0 0 36 32 47 0 0.65
1 1 1 6 1 0 6 0 3 0 0 0 0 0 0 3 3 0 4 1 0 0 2 0 0 0 0 0 0 2 1 0 0 0.1
0 1 0 0 0 0 3 0 0 0 2 6 0 0 4 0 5 0 0 0 0 0 0 1 4 0 3 3 0 0 0 0 0 0.09
2 5 4 0 3 0 1 0 0 3 0 0 6 0 0 0 0 6 0 2 0 0 0 0 0 0 5 3 2 2 0 0 0 0.13
6 2 1 0 0 9 0 10 1 3 6 0 0 4 7 3 1 10 5 3 2 6 8 4 14 4 4 2 0 3 3 0 2 0.36
4 13 0 5 12 4 8 9 0 18 3 0 3 0 0 2 0 0 8 7 0 0 4 0 14 0 0 1 2 6 0 0 0 0.32
0 5 6 0 6 0 0 3 4 0 0 3 3 3 6 0 0 0 0 0 4 0 1 0 0 0 0 0 0 0 0 1 1 0.13
0 10 0 18 7 2 7 2 18 10 18 0 0 0 17 17 0 5 8 3 7 0 1 0 3 0 0 0 0 10 2 15 9 0.44
7 0 8 0 3 2 2 0 0 14 6 0 2 4 0 14 10 4 7 7 6 19 0 18 0 0 0 0 2 5 18 8 0 0.4
0 25 0 37 45 3 10 0 45 99 66 37 0 32 3 8 35 5 33 76 2 41 0 0 0 3 7 23 0 27 0 0 10 0.57
7 51 50 0 0 13 25 40 0 18 109 3 0 35 0 1 0 0 0 39 14 36 40 44 0 39 0 32 0 0 0 0 2 0.49
14 14 11 1 0 3 10 12 0 0 2 3 3 7 10 2 0 6 5 17 0 2 0 2 0 0 2 1 3 6 0 12 0 0.38
0 21 0 2 12 5 2 21 1 2 7 2 12 0 22 20 7 1 0 0 4 5 2 0 3 0 0 2 4 0 0 3 13 0.36
1 7 10 12 2 0 5 7 0 0 1 2 2 1 1 7 20 10 5 3 0 2 8 3 3 12 4 1 11 2 0 0 3 0.39
0 2 0 3 0 1 0 0 0 0 3 0 0 2 3 0 2 0 0 4 0 0 0 0 0 5 4 3 0 2 5 1 0 0.12
0 0 0 0 0 0 0 2 0 2 2 5 0 2 4 0 0 0 0 1 0 0 0 0 0 0 0 3 0 0 0 0 3 0.07
0 0 3 0 0 3 0 4 1 1 2 0 0 0 3 0 4 0 0 1 0 4 0 2 0 0 0 0 0 0 5 2 0 0.1
0 0 0 0 0 0 0 2 0 6 0 0 0 2 0 1 1 2 0 0 0 0 0 0 0 0 0 0 0 0 3 4 0 0.06
0 0 0 4 1 0 0 0 0 0 0 0 6 0 0 0 2 0 3 0 1 5 1 0 0 1 3 0 2 2 2 2 0 0.1
0 4 0 0 0 0 1 0 0 2 0 1 0 1 0 0 0 0 1 0 1 0 2 3 3 4 0 1 0 4 0 0 3 0.09
2 4 0 0 3 0 3 0 0 0 0 3 3 0 1 6 0 2 2 0 0 0 2 1 0 3 0 0 3 0 0 0 4 0.12
1 4 0 2 0 3 2 3 0 2 0 0 0 0 0 0 0 0 0 4 1 0 0 2 3 0 0 0 3 0 0 0 3 0.1
0 2 0 0 17 19 36 0 130 0 34 2 48 0 31 20 45 38 0 23 26 39 0 0 2 40 10 0 0 35 43 0 0 0.53
6 3 1 13 4 7 4 9 2 0 0 1 6 2 24 4 3 3 3 4 1 3 1 1 0 2 12 8 1 0 2 19 6 0.38
38 31 43 6 0 46 0 24 95 38 0 0 53 51 0 0 0 0 13 0 0 0 0 37 21 17 0 33 0 0 20 39 0 0.5
0 0 0 4 0 2 3 0 1 0 0 0 0 0 1 0 0 0 3 0 0 0 0 0 0 0 0 0 0 3 1 0 0 0.05
5 0 10 0 21 3 6 0 15 3 6 1 3 5 4 9 2 6 20 2 18 2 3 3 0 3 3 18 2 3 12 1 15 0.46
12 0 0 3 0 3 19 12 16 1 17 7 0 13 2 4 0 2 12 0 0 0 15 0 1 7 13 1 11 0 0 0 2 0.4
0 4 1 3 0 0 2 0 0 0 3 4 2 5 0 0 1 0 0 0 0 4 2 4 3 2 0 0 0 0 0 3 2 0.13
5 0 4 0 5 0 2 5 2 14 5 4 0 0 14 24 0 1 5 9 0 10 2 2 6 2 10 0 8 4 8 6 2 0.41
6 4 14 10 23 4 1 0 6 1 2 17 5 9 10 10 5 15 7 12 1 9 3 2 0 7 0 0 4 2 8 4 0 0.51
1 2 4 8 0 5 3 6 4 2 6 9 4 6 0 9 4 0 0 6 4 0 0 3 11 22 7 3 19 10 6 2 2 0.44
1 2 24 3 24 0 0 7 2 0 11 16 1 3 17 4 18 1 0 0 18 2 1 1 6 0 8 0 9 0 4 1 0 0.38
0 0 1 0 0 0 0 2 0 6 3 0 0 0 0 0 0 5 0 2 0 0 0 0 6 0 0 3 4 0 0 3 0 0.1
34 0 0 0 33 0 4 25 0 27 38 35 114 59 51 0 0 21 0 0 0 46 37 0 18 74 0 27 29 33 32 61 33 0.61
0 41 0 0 13 14 49 20 35 12 19 0 32 36 0 0 12 98 57 155 32 46 26 0 0 31 34 0 0 33 0 19 14 0.66
22 0 7 3 0 14 3 0 0 3 0 6 3 0 18 1 0 16 0 24 0 13 5 0 0 2 1 3 9 5 3 23 3 0.38
0 8 6 4 1 0 2 5 0 4 3 7 14 0 3 0 0 12 0 15 0 14 1 0 16 0 0 17 0 7 0 0 0 0.33
0 40 84 1 55 37 0 16 0 0 3 23 34 0 3 38 17 0 24 11 11 19 13 37 48 32 41 58 141 37 8 42 19 0.74
18 5 10 0 0 3 0 0 10 3 7 0 4 4 16 0 1 3 0 3 8 17 0 4 0 0 0 15 0 0 0 2 0 0.32
8 22 0 0 97 24 0 11 0 20 0 0 21 1 19 69 0 110 44 27 31 0 41 81 0 48 9 21 0 25 40 0 24 0.63
14 7 0 9 2 6 1 0 0 0 0 13 0 1 8 0 6 0 2 2 8 0 17 0 2 4 0 3 0 0 10 13 6 0.35
7 2 1 23 4 1 6 5 16 9 11 3 23 10 0 0 1 0 0 1 0 8 13 6 6 1 20 1 2 4 5 0 2 0.43
50 51 38 0 0 0 45 0 40 6 0 46 24 0 0 32 39 4 29 24 22 0 0 10 0 15 0 10 21 0 2 50 35 0.58
0 0 10 5 0 14 0 0 0 0 2 0 0 6 4 0 2 12 8 0 0 10 0 7 2 4 13 0 0 11 3 9 13 0.36
0 18 4 0 8 0 2 3 5 2 0 1 7 0 0 5 7 1 10 0 0 0 0 0 7 14 4 0 1 0 1 0 0 0.26
16 0 33 38 1 46 19 39 29 4 52 50 0 107 0 47 27 11 3 32 35 5 36 25 0 1 25 25 0 12 14 25 62 0.73
4 3 1 0 0 0 5 0 2 2 0 0 3 0 0 0 0 0 1 0 0 0 0 0 0 0 0 0 3 0 4 0 0 0.08
11 0 1 0 0 0 7 1 0 0 6 5 5 21 0 0 3 8 1 4 1 0 0 3 0 7 1 4 0 7 12 13 1 0.31
6 3 12 0 11 3 7 10 11 3 6 0 0 7 10 12 1 4 7 5 4 9 0 16 9 0 2 2 0 14 0 0 6 0.49
0 36 0 0 33 4 16 0 25 0 20 4 34 0 51 36 35 43 38 6 0 0 0 9 35 29 19 28 0 38 26 0 0 0.58
0 21 0 31 0 37 34 45 0 32 39 9 0 0 51 28 0 38 84 9 0 40 0 41 0 123 0 33 0 0 18 42 105 0.6
2 2 0 16 3 0 0 1 1 6 0 0 0 11 8 2 6 21 0 3 6 3 0 3 3 0 0 3 0 6 8 0 0 0.29
2 0 6 1 0 1 1 13 0 2 12 20 1 2 0 6 7 3 3 5 14 7 7 1 0 18 3 3 2 5 0 0 9 0.38
10 7 0 0 0 0 0 10 2 3 3 17 2 0 0 7 3 2 0 0 0 0 8 15 1 0 13 7 6 0 6 10 0 0.35
3 0 0 0 0 0 0 0 4 0 2 0 0 0 0 1 4 0 1 0 0 4 0 0 0 6 4 2 1 3 0 0 2 0.11
0 11 4 0 9 0 10 0 0 17 0 0 13 18 2 6 4 0 0 2 3 0 0 2 5 0 13 0 0 1 0 4 0 0.3
0 13 6 15 0 3 0 2 4 0 0 1 1 0 1 0 12 2 11 0 0 2 5 1 9 10 18 0 4 0 5 1 2 0.33
18 0 25 0 0 39 0 0 14 31 41 35 45 0 25 0 40 15 44 0 33 0 0 0 5 45 39 0 14 0 27 51 48 0.59
1 4 5 3 0 0 1 7 14 0 9 17 9 3 3 2 3 4 0 0 4 3 2 3 8 0 4 3 2 0 3 4 0 0.33
0 0 0 0 0 2 0 1 0 0 3 0 1 3 0 0 0 0 0 0 0 0 0 0 0 2 0 1 0 0 0 4 5 0.06
7 8 0 6 0 3 0 0 0 0 7 2 0 0 0 0 10 0 1 9 0 6 6 0 0 18 2 9 9 6 13 7 9 0.38
5 40 17 27 0 0 0 40 5 19 53 83 32 12 35 43 0 41 41 0 32 18 0 0 39 13 0 0 36 2 0 0 0 0.58
0 8 13 0 5 6 0 0 3 3 0 0 8 8 9 3 0 11 3 0 0 13 2 1 0 0 0 0 0 0 0 0 13 0.29
2 2 0 2 4 0 1 6 0 0 0 4 0 0 0 4 0 0 0 0 3 0 0 3 2 0 0 1 0 0 0 0 1 0.1
28 69 36 40 0 0 0 37 0 0 28 0 33 0 7 110 30 29 41 0 15 12 1 39 11 0 26 0 23 0 11 41 0 0.59
0 0 0 7 11 0 5 1 0 9 1 0 0 11 2 2 14 0 2 2 12 1 3 1 8 0 1 0 1 5 0 3 5 0.3
0 0 0 0 0 4 0 0 1 3 2 2 0 0 6 0 0 1 3 0 2 4 0 0 1 3 0 0 0 4 0 5 0 0.12
0 2 1 13 10 8 0 0 0 0 4 11 0 0 0 0 11 7 1 2 0 6 14 6 13 16 0 13 4 0 2 4 0 0.38
0 1 0 0 3 2 3 0 10 9 2 0 2 0 10 0 2 1 17 0 3 0 19 0 2 10 3 16 1 0 0 7 0 0.3
0 25 22 0 36 6 63 24 8 16 0 41 0 24 20 26 8 0 7 40 4 2 0 30 154 0 8 0 39 9 37 0 0 0.61
11 6 38 51 0 56 46 0 0 30 0 58 0 135 0 12 22 0 58 0 42 0 41 48 0 0 36 150 0 0 0 70 0 0.53
4 0 12 0 3 2 3 1 7 4 14 0 4 1 2 1 4 3 8 3 9 3 5 4 3 0 3 6 4 0 0 2 3 0.33
0 0 0 0 3 0 3 0 0 0 4 2 0 0 0 1 0 0 4 0 0 0 0 0 2 0 1 0 3 4 3 0 3 0.09
0 0 14 0 0 2 17 3 0 0 2 5 0 10 7 8 12 9 2 2 0 0 3 18 8 0 1 10 0 10 0 3 0 0.37
0 0 0 9 0 4 0 0 0 0 9 7 3 14 0 2 0 9 0 0 2 0 0 0 2 0 3 0 0 4 0 0 5 0.2
0 9 34 0 31 0 0 0 25 0 0 0 45 46 7 39 18 33 34 0 0 0 56 45 33 0 46 24 0 0 44 41 19 0.56
8 0 17 5 12 0 21 5 19 14 0 5 1 5 0 1 0 4 5 0 5 0 0 6 0 3 0 2 1 3 0 3 5 0.35
6 4 1 0 1 0 0 0 0 6 0 0 6 2 5 3 1 0 3 0 2 2 0 0 0 4 0 2 0 0 0 0 0 0.14
1 4 0 1 0 8 0 13 5 0 0 0 3 8 8 0 9 10 3 2 2 24 1 9 9 0 0 9 5 7 14 0 20 0.43
22 9 2 4 9 11 2 7 6 2 6 2 1 3 0 2 2 3 1 20 1 9 0 9 6 0 0 0 6 0 19 8 12 0.45
1 0 0 0 0 2 1 0 0 4 0 0 0 0 0 0 0 2 2 0 4 0 0 1 0 0 3 0 1 0 2 0 3 0.07
0 2 3 2 4 2 0 0 2 7 22 21 4 14 1 3 6 19 4 2 10 0 4 7 1 13 10 9 11 14 1 9 0 0.49
0 6 0 0 5 1 2 0 8 2 3 0 0 6 2 3 3 0 0 0 4 2 14 9 0 7 8 8 6 1 0 0 4 0.3
1 2 0 1 15 0 0 2 24 19 7 0 0 5 8 5 13 4 0 2 0 0 5 2 5 2 0 9 0 0 0 7 0 0.32
5 0 0 0 1 0 0 1 0 1 1 0 4 0 3 0 0 0 0 2 5 0 1 2 3 4 0 1 0 0 3 0 3 0.12
0 0 0 0 0 0 0 1 0 0 2 2 0 2 0 0 0 0 2 3 0 0 0 0 2 0 2 0 0 0 2 0 0 0.05
1 0 1 0 0 0 0 0 3 4 6 0 0 0 0 4 0 0 0 0 0 0 2 0 0 0 4 4 0 0 4 0 0 0.1
3 0 2 0 0 1 13 3 17 3 2 2 6 0 0 2 0 4 10 19 0 3 1 1 22 8 10 13 6 0 1 9 3 0.39
1 0 0 0 0 0 0 0 0 0 0 6 10 0 9 0 0 17 3 0 3 11 2 9 0 8 8 11 7 0 0 9 3 0.32
18 32 9 0 50 32 0 7 41 0 33 5 41 26 0 4 63 54 0 39 31 44 21 41 9 41 27 0 0 33 4 38 0 0.69
2 4 0 0 5 0 16 3 8 0 8 2 2 10 0 21 0 11 3 10 11 3 0 0 4 0 0 1 0 7 3 6 0 0.36
0 0 0 1 2 1 0 1 3 0 3 6 0 1 0 0 4 0 1 2 0 1 3 2 0 0 0 0 0 0 3 1 0 0.1
3 0 17 6 2 14 7 0 9 2 0 9 5 0 12 0 6 0 0 3 6 1 13 3 3 3 9 0 7 6 9 5 4 0.44
0 2 8 0 5 3 0 6 9 18 18 6 17 13 0 0 0 0 3 2 0 0 3 0 0 0 0 13 0 18 6 0 0 0.34
34 0 32 30 0 0 0 53 0 15 156 38 0 0 24 0 48 11 0 0 0 51 40 0 47 0 41 21 31 40 0 8 0 0.53
14 0 3 1 4 6 0 0 1 0 0 0 8 0 0 13 0 1 0 3 9 5 13 3 2 3 0 0 16 2 15 0 0 0.3
14 1 4 1 14 17 7 0 14 12 15 9 6 0 0 0 0 0 9 3 10 17 15 0 4 1 2 1 1 0 0 0 0 0.42
0 0 2 0 0 6 0 1 0 0 5 0 3 4 2 0 4 0 3 0 3 3 0 0 0 4 6 0 0 0 3 0 0 0.14
0 3 1 0 0 5 0 4 1 0 2 2 12 5 12 11 0 2 23 18 0 7 3 6 2 3 24 0 0 3 6 3 22 0.38
0 14 15 24 10 10 6 8 2 5 0 4 7 0 0 11 4 15 9 11 1 9 11 0 8 0 0 2 8 3 5 12 5 0.56
16 1 7 0 2 21 2 14 1 0 10 0 3 1 0 0 4 3 10 3 3 4 2 18 1 24 1 0 0 9 9 1 0 0.38
16 42 35 0 26 20 0 0 38 79 0 51 0 45 0 32 0 13 0 0 0 0 48 32 0 0 0 38 34 98 32 36 41 0.57
0 0 4 6 5 0 0 0 19 0 0 0 6 0 0 2 0 24 4 1 1 0 6 7 6 17 13 0 0 17 18 3 5 0.35
3 3 2 5 2 1 17 10 13 2 13 2 10 2 0 13 3 5 0 3 9 0 0 0 8 5 0 0 9 0 7 12 0 0.42
0 0 0 2 1 16 1 2 8 0 4 0 0 16 1 7 6 1 2 0 11 0 0 5 0 3 0 5 0 9 1 0 2 0.27
0 0 0 0 0 0 0 1 2 0 2 0 0 0 0 0 0 0 0 0 2 0 1 0 1 1 0 0 5 0 0 0 0 0.04
7 9 0 1 3 9 7 2 6 9 15 2 0 19 0 2 0 2 0 11 0 2 0 0 12 9 2 0 3 14 18 0 5 0.42
0 2 2 0 0 0 0 1 0 0 1 3 0 0 0 0 3 0 1 2 0 1 0 0 0 2 3 3 2 0 3 0 0 0.08
2 5 2 2 22 2 16 13 4 2 6 13 12 6 12 1 3 1 20 10 3 2 12 7 11 0 1 9 13 2 4 5 2 0.54
0 0 0 0 0 0 2 6 1 6 2 3 2 4 2 3 1 4 0 0 0 0 4 0 0 1 0 0 2 0 3 1 0 0.14
18 0 0 47 0 0 35 10 2 0 103 42 31 0 40 37 3 19 0 0 33 0 0 34 35 35 0 41 38 0 0 0 30 0.53
0 0 0 2 2 2 3 8 10 5 18 1 0 0 0 4 2 0 0 1 0 2 0 0 23 4 0 13 0 0 6 7 2 0.27
0 0 1 0 1 7 0 0 2 0 0 11 0 8 9 3 10 1 11 4 16 1 10 13 4 14 0 0 2 1 0 0 0 0.34
0 4 0 0 0 2 0 0 0 0 0 3 1 3 4 0 0 0 0 0 3 0 0 4 1 1 0 0 4 3 0 0 0 0.1
0 0 1 0 2 3 0 0 0 2 0 3 18 0 0 3 10 8 11 10 0 10 6 0 10 8 10 5 0 9 2 0 1 0.37
0 0 0 3 1 1 0 0 0 2 0 4 0 1 0 0 0 2 0 0 0 0 0 3 6 0 0 0 0 0 0 0 6 0.08
0 0 9 1 3 10 0 4 6 3 19 0 14 5 9 0 2 5 3 1 9 1 0 0 0 2 3 14 3 10 1 2 0 0.36
3 8 0 0 1 8 0 2 7 7 4 10 0 3 0 6 15 3 1 0 0 0 0 0 0 11 0 18 0 0 1 10 0 0.31
20 0 42 0 43 43 0 32 29 59 0 43 0 15 48 0 61 3 127 0 0 39 25 47 20 43 36 35 41 28 19 0 0 0.67
1 5 1 2 3 5 1 2 1 0 5 0 19 0 3 1 2 0 0 2 0 0 0 4 0 1 5 0 10 5 3 2 0 0.22
2 13 0 5 0 0 8 16 0 14 2 3 0 18 0 0 7 2 7 0 2 0 4 22 3 5 1 3 10 2 6 2 2 0.38
37 0 8 31 0 0 31 40 0 22 17 0 58 33 0 0 0 0 12 55 0 0 0 13 8 53 119 0 0 41 0 36 129 0.53
0 0 3 0 0 0 0 2 0 15 0 7 0 2 0 7 2 0 0 0 0 0 8 0 0 0 1 0 0 2 8 7 3 0.18
2 0 0 4 1 0 2 0 0 4 0 0 1 1 0 2 0 0 0 0 5 0 0 0 4 4 4 0 0 5 0 0 0 0.11
0 0 0 3 0 0 0 4 0 0 1 3 2 5 0 4 3 0 2 0 0 0 0 0 2 3 2 1 3 1 0 0 1 0.12
6 0 3 2 0 1 0 2 0 10 0 0 1 4 4 0 0 1 0 6 7 7 3 15 12 0 0 9 3 2 8 1 0 0.3
12 2 0 11 8 1 11 0 0 3 10 3 0 1 0 0 0 0 1 9 9 0 10 0 0 0 0 3 4 13 0 5 0 0.33
1 0 0 0 2 0 0 3 0 6 3 0 0 0 1 0 1 0 0 0 0 0 1 0 3 0 5 0 3 5 2 0 0 0.1
5 1 6 10 5 5 21 0 0 3 2 4 3 3 6 0 15 13 4 0 21 10 10 17 3 1 0 2 7 3 2 3 2 0.45
0 0 0 1 1 0 3 0 0 0 0 5 0 0 0 0 0 0 1 4 3 0 4 1 2 0 0 0 0 2 0 1 0 0.08
0 0 0 5 0 4 5 0 2 0 0 2 3 4 3 3 2 0 2 2 0 0 1 0 4 1 1 3 3 0 4 2 0 0.16
0 0 0 0 0 0 1 0 0 0 0 0 0 3 0 0 0 1 1 6 0 0 0 0 1 0 0 0 0 0 0 0 3 0.04
0 0 2 0 0 0 0 1 0 0 3 0 0 0 0 0 0 0 3 0 0 2 0 0 1 3 0 2 0 0 3 0 0 0.06
1 14 2 6 10 5 0 3 7 5 9 2 0 0 0 5 10 0 0 24 12 20 1 6 6 2 3 1 1 3 1 0 18 0.42
0 9 1 0 12 1 17 1 0 4 0 8 0 9 2 6 0 13 13 0 14 0 1 1 0 0 3 2 0 10 1 0 10 0.36
6 0 3 3 0 0 1 0 3 1 4 3 6 0 0 3 0 1 2 0 0 0 0 0 3 0 0 0 0 3 3 0 2 0.14
11 0 5 3 1 0 1 0 7 4 1 19 1 1 0 8 0 1 6 4 0 7 22 7 1 8 2 2 3 4 11 3 2 0.36
0 0 0 47 0 0 0 0 0 70 10 0 29 0 51 48 15 19 21 0 0 20 0 31 10 16 29 2 8 33 20 21 0 0.54
2 2 0 3 1 1 2 3 9 0 0 1 0 0 1 1 0 3 0 0 0 0 0 0 16 0 2 9 0 8 3 7 0 0.2
0 1 2 8 4 0 0 0 0 6 9 9 0 6 3 2 1 1 3 6 1 9 0 9 2 8 3 1 0 13 3 0 18 0.35
0 3 0 0 2 3 0 0 0 0 0 0 5 0 0 0 2 0 1 0 0 0 4 1 0 4 0 2 0 0 2 3 0 0.09
2 14 13 24 7 12 0 2 8 7 4 1 7 5 8 1 11 1 1 4 5 8 0 0 18 1 8 6 1 17 6 0 0 0.49
3 0 0 5 0 3 0 0 3 0 0 0 0 0 3 3 0 0 0 0 0 0 4 1 0 0 0 0 3 1 0 1 2 0.09
0 22 0 0 33 0 0 19 0 28 4 0 87 36 8 0 15 0 33 0 53 34 45 0 0 0 20 0 26 13 34 22 0 0.52
20 22 38 29 0 23 0 26 36 100 0 0 45 0 24 0 33 0 0 24 0 51 92 19 14 1 0 149 0 39 20 0 0 0.57
24 0 1 5 3 5 0 4 3 0 3 2 0 3 5 5 0 0 0 5 0 0 9 0 1 4 4 6 3 9 24 9 5 0.34
4 0 17 0 3 2 0 3 8 7 2 0 1 9 0 4 0 0 12 0 3 9 11 5 7 0 7 0 1 1 0 0 0 0.32
0 1 1 0 0 3 2 5 0 0 1 1 3 1 0 0 4 0 6 0 0 0 0 0 1 0 0 0 0 0 2 1 0 0.09
9 0 6 5 0 0 5 2 8 0 0 2 0 14 0 0 0 10 18 0 0 0 2 1 13 7 1 0 1 6 0 6 0 0.3
3 0 8 4 1 0 0 7 0 5 2 8 0 0 12 3 10 9 0 12 0 0 13 0 0 0 0 9 0 1 0 12 0 0.33
5 4 6 2 6 0 3 3 1 3 0 0 2 8 19 0 0 3 2 11 0 2 5 0 1 4 0 0 17 0 0 0 15 0.3
0 0 0 0 0 14 3 11 0 6 12 0 0 9 4 0 0 12 1 0 2 16 0 0 3 4 0 4 0 8 0 0 1 0.28
3 0 0 0 1 5 3 0 8 2 10 4 1 6 1 3 6 3 0 3 1 2 0 19 0 3 9 6 6 1 2 7 3 0.33
8 6 0 12 0 8 7 2 0 3 1 4 9 3 10 4 0 15 2 13 5 6 5 0 8 3 14 0 0 0 10 0 0 0.43
0 12 10 5 11 0 0 0 1 2 5 5 4 0 8 1 0 0 0 7 10 8 16 0 5 3 0 16 0 18 1 3 9 0.41
0 5 5 0 4 2 1 1 0 0 0 6 0 0 3 0 0 3 0 0 1 2 0 0 2 0 6 6 0 4 0 0 0 0.15
7 22 4 10 9 1 17 11 9 8 4 0 2 8 0 0 5 5 1 0 5 20 18 0 0 3 6 0 0 1 1 19 0 0.45
2 4 1 8 0 2 8 1 0 8 5 7 13 0 3 0 15 0 8 0 4 0 9 5 13 7 9 0 5 18 3 4 7 0.45
32 0 8 1 41 78 27 0 50 37 36 39 0 33 0 0 47 0 0 47 48 43 11 153 0 31 0 38 0 40 9 0 16 0.63
38 0 41 41 41 0 0 0 0 0 74 1 0 0 0 0 39 0 73 0 0 29 5 0 0 48 0 5 17 0 0 0 0 0.33
0 0 1 1 3 0 1 0 0 0 0 0 0 0 2 0 0 0 1 5 1 0 0 3 3 4 0 0 4 1 0 0 1 0.09
0 22 0 21 0 0 0 0 54 6 0 0 46 0 0 79 32 0 20 19 0 24 36 57 23 0 13 31 38 12 90 98 4 0.57
55 0 43 87 0 22 56 0 25 0 0 0 23 0 31 48 29 0 158 29 10 35 0 0 0 0 123 39 0 18 0 38 133 0.57
3 8 2 0 0 1 11 0 7 0 1 7 3 4 2 1 0 4 0 0 7 10 0 2 7 1 0 0 10 0 0 1 0 0.27
0 1 1 7 0 2 0 0 6 6 0 5 0 2 1 17 22 1 13 7 14 0 0 0 1 13 1 0 14 8 7 4 10 0.39
3 11 9 8 9 1 9 0 13 0 0 3 0 0 0 0 0 1 1 0 1 5 2 0 5 2 9 2 0 9 12 3 1 0.34
6 32 0 0 136 6 0 0 49 33 0 0 0 23 32 33 0 42 47 36 7 0 50 126 2 25 1 115 2 32 29 0 0 0.55
0 0 5 10 0 14 0 9 1 0 6 0 2 6 2 11 3 4 1 2 4 15 14 3 3 6 7 1 0 0 15 1 0 0.38
0 5 33 0 0 0 22 0 146 46 24 0 31 34 10 33 0 0 0 0 0 0 0 43 36 0 0 0 22 74 0 0 0 0.4
10 36 0 0 30 33 51 34 13 39 0 40 0 39 36 14 0 38 51 0 21 45 3 43 37 32 0 0 1 40 0 0 50 0.64
0 0 0 0 0 0 6 5 6 1 0 0 6 0 3 5 0 0 5 0 6 3 4 1 0 4 0 1 0 0 6 3 0 0.19
9 6 4 2 9 2 5 2 0 5 0 2 6 2 4 0 0 11 0 7 0 1 0 0 1 2 5 3 0 0 6 11 5 0.32
0 13 0 2 47 0 40 0 7 0 111 0 32 31 34 0 0 116 0 36 24 32 0 41 26 45 3 30 0 133 0 48 0 0.55
10 0 2 0 2 3 1 9 10 5 8 16 2 13 1 4 22 0 1 12 10 18 14 3 7 2 2 3 0 1 20 0 0 0.47
14 0 0 2 0 3 2 19 4 18 6 10 0 0 0 2 0 5 12 0 0 10 0 6 7 10 12 0 14 18 2 0 0 0.42
1 7 5 15 3 14 0 0 9 0 1 1 6 0 6 10 0 6 0 0 0 0 0 0 0 0 0 2 3 3 0 0 0 0.25
0 11 0 0 1 0 6 0 12 0 4 1 3 0 0 4 3 11 2 0 1 0 2 0 0 3 9 0 0 3 0 5 6 0.25
44 16 17 0 0 32 34 1 0 0 0 51 0 32 50 0 33 38 45 0 51 38 1 77 0 32 0 10 6 94 0 96 84 0.6
0 1 0 5 0 0 0 6 6 0 0 3 0 0 1 0 0 0 2 1 0 2 0 4 2 0 1 0 0 0 3 0 0 0.11
0 1 0 0 0 0 0 5 0 0 0 0 1 0 0 0 0 1 2 1 0 2 0 0 5 1 4 0 2 0 0 2 4 0.09
8 11 0 5 3 11 0 2 15 6 0 2 0 15 0 4 0 14 0 0 2 2 2 2 0 13 0 14 2 0 0 0 0 0.33
0 0 6 5 1 1 0 24 21 0 0 8 1 3 7 4 4 2 0 5 0 8 0 0 8 3 6 0 0 2 3 19 8 0.34
6 16 1 0 2 7 0 8 0 1 1 1 0 23 9 0 1 0 2 7 6 5 3 3 22 1 0 8 23 0 6 9 0 0.38
15 6 5 0 4 7 2 8 0 24 0 7 0 0 0 2 21 13 0 5 16 0 0 0 0 1 0 8 0 5 12 0 4 0.37
1 2 2 2 5 3 6 4 0 13 0 0 0 3 4 0 0 3 7 4 12 3 0 10 3 5 0 1 0 0 8 4 9 0.33
0 0 0 0 0 0 1 0 11 2 1 16 10 12 0 3 14 7 1 8 10 2 7 3 0 6 2 0 0 16 6 0 9 0.38
0 6 16 3 3 0 0 0 0 5 0 0 1 1 0 1 5 0 4 18 5 16 12 1 9 0 10 8 2 0 1 14 0 0.34
9 0 0 0 10 0 4 2 1 1 19 0 4 6 23 5 1 0 3 4 0 8 16 2 5 3 8 0 3 4 10 3 6 0.4
16 19 0 0 9 13 6 0 3 4 0 0 0 18 6 0 0 5 0 10 6 2 0 1 0 10 3 2 0 12 7 3 0 0.38
18 4 18 13 0 0 3 0 7 7 22 0 11 9 6 9 9 10 7 4 9 21 1 2 10 0 3 0 2 21 1 1 1 0.53
0 0 1 6 11 0 0 2 1 3 12 0 10 3 2 2 3 2 2 3 4 0 0 2 2 2 0 16 3 0 0 3 12 0.29
9 0 3 2 18 5 0 3 0 9 3 10 0 1 0 10 17 0 0 2 0 1 0 0 3 0 13 3 10 0 10 12 0 0.37
3 12 0 0 2 4 2 3 0 3 5 0 2 2 0 0 0 0 1 6 0 0 3 1 0 3 5 0 0 0 0 0 0 0.16
0 0 15 0 37 33 49 19 0 38 57 3 96 31 0 19 20 0 43 26 0 0 0 0 0 8 0 4 24 0 44 0 32 0.53
7 9 0 0 8 3 0 12 2 8 6 0 5 0 11 0 2 2 8 0 3 1 7 0 0 3 4 17 10 4 12 0 19 0.43
0 0 10 2 0 2 5 0 0 1 4 0 7 10 3 3 14 7 0 3 0 0 0 0 1 1 3 0 1 10 0 0 3 0.26
3 4 6 0 0 1 0 0 0 3 0 5 3 5 1 2 1 1 0 0 0 2 2 0 0 0 0 1 0 0 0 0 0 0.12
0 0 0 0 3 2 0 0 0 0 1 6 0 0 3 2 0 4 6 2 0 0 4 0 1 3 0 0 0 0 6 0 0 0.13
32 26 47 40 0 0 34 51 1 33 7 0 3 38 86 40 29 0 22 15 33 0 38 13 0 16 13 8 0 18 57 0 37 0.69
6 4 4 6 2 0 0 0 2 0 2 0 0 6 1 2 0 0 0 3 0 0 0 0 0 0 1 2 0 2 5 0 2 0.15
0 3 0 3 0 6 0 0 1 8 1 14 5 0 3 3 3 0 0 11 7 0 1 0 6 14 9 3 0 3 2 19 0 0.32
0 14 10 12 0 7 1 8 0 3 23 10 11 6 5 0 9 9 0 5 2 3 3 13 0 0 0 4 0 2 0 9 12 0.47
38 33 33 14 44 0 76 45 27 0 38 0 42 36 23 27 16 0 50 11 0 0 36 34 0 0 32 0 0 0 21 0 22 0.63
0 0 0 0 1 1 3 0 3 0 0 0 0 0 4 0 3 0 0 3 3 1 2 2 0 5 5 0 0 6 0 0 0 0.12
44 4 33 43 0 49 39 69 17 18 22 47 37 32 43 0 52 0 0 0 0 41 0 0 39 34 2 16 1 83 39 45 21 0.68
3 7 1 0 0 0 0 10 6 14 0 0 1 0 3 4 0 9 0 0 0 8 0 11 0 2 0 8 0 0 0 0 14 0.27
18 30 25 91 37 45 0 38 0 29 0 0 3 15 36 18 8 0 31 47 10 0 40 0 45 0 0 29 8 3 0 35 0 0.61
49 0 30 0 13 39 0 39 0 0 49 33 33 28 0 0 0 43 0 0 58 35 19 3 0 9 0 0 36 34 0 0 53 0.52
3 9 0 2 2 0 0 0 0 0 0 0 0 18 7 7 0 17 9 4 0 13 11 6 16 0 14 0 0 2 0 0 6 0.35
2 5 0 0 2 0 16 2 18 10 3 0 0 1 9 17 9 8 9 0 0 0 5 0 19 6 17 1 8 4 2 0 0 0.41
6 9 1 0 6 12 1 17 6 0 0 0 10 0 10 0 0 7 4 7 9 0 6 7 9 0 6 0 0 1 0 1 0 0.38
0 2 0 0 0 0 4 0 0 0 2 2 0 0 2 0 0 0 3 0 0 0 0 3 0 0 2 0 0 0 0 0 0 0.06
5 2 0 3 2 2 4 0 2 0 1 0 0 0 0 0 0 2 0 0 0 1 0 3 2 0 0 0 0 0 4 0 1 0.1
7 0 43 37 38 33 39 0 30 30 0 0 27 0 39 0 0 0 49 18 37 0 14 0 0 0 0 18 26 0 0 35 27 0.53
0 0 0 1 0 2 5 2 16 3 3 1 0 1 0 4 6 5 5 3 4 3 0 0 12 0 12 13 0 1 1 0 0 0.27
10 2 10 1 0 1 3 4 8 7 0 3 1 9 0 9 1 7 14 18 7 0 2 19 13 13 0 14 3 5 3 2 9 0.5
1 0 0 4 2 0 2 3 0 0 3 0 0 0 0 4 0 0 3 3 1 3 0 0 0 2 1 3 0 1 0 0 0 0.1
4 18 0 9 0 9 5 0 1 13 0 14 0 0 3 4 12 0 9 19 3 2 0 0 8 2 1 1 0 0 13 0 0 0.36
0 4 0 0 0 0 4 0 4 0 0 0 5 4 0 4 0 4 4 0 4 0 0 0 0 3 5 4 1 0 3 0 0 0.16
0 11 26 0 0 0 69 25 41 0 28 0 0 0 60 5 70 0 0 33 28 13 0 0 76 6 6 0 133 0 39 31 0 0.5
0 0 3 0 2 1 3 1 2 0 6 0 0 0 1 0 0 1 0 0 0 0 1 2 0 0 0 0 0 0 3 0 3 0.08
1 0 3 0 2 0 0 0 1 1 0 0 0 9 3 9 8 8 0 0 0 10 8 8 6 17 3 0 0 12 1 0 0 0.3
0 0 35 6 36 0 9 0 14 0 31 0 6 13 26 0 37 34 0 0 2 0 51 2 34 5 0 0 51 0 22 0 72 0.48
3 5 3 1 8 1 0 14 5 0 2 0 0 1 9 4 0 2 0 1 11 10 6 4 3 0 3 6 1 0 3 0 0 0.3
4 0 2 0 15 0 7 0 0 0 0 8 0 0 0 8 2 15 0 9 1 0 0 17 11 2 13 0 0 1 0 15 0 0.31
0 8 0 11 0 0 10 9 0 5 0 18 0 0 0 0 9 7 18 0 8 1 9 8 2 9 7 0 1 9 1 6 19 0.45
3 0 3 19 1 0 6 5 12 4 18 1 0 0 0 17 0 7 8 11 1 2 0 6 8 0 24 3 10 7 10 11 8 0.49
7 0 1 0 0 0 9 0 0 0 12 9 16 4 4 3 16 12 16 2 3 7 1 0 0 15 0 0 4 0 0 0 0 0.34
0 0 0 2 0 0 2 4 0 0 0 3 1 3 3 0 0 5 0 2 0 0 0 0 4 0 0 0 1 0 0 2 3 0.1
0 0 0 0 2 4 0 2 0 4 4 0 3 2 5 0 0 1 0 0 0 1 1 0 0 0 4 0 0 4 0 0 4 0.12
0 3 1 3 0 0 5 0 4 2 2 3 2 2 1 0 2 0 0 0 4 3 0 3 0 5 0 0 4 2 0 0 0 0.15
19 6 15 9 0 14 11 1 0 16 13 3 0 6 1 3 2 6 12 0 0 3 2 0 0 7 5 19 0 0 0 3 6 0.43
0 0 1 12 7 1 8 10 1 5 0 7 2 1 2 0 4 3 3 9 0 0 0 0 0 9 12 0 1 0 0 2 9 0.31
0 0 0 4 3 0 0 0 0 0 2 0 0 2 1 0 0 6 0 3 0 0 3 4 0 0 3 0 0 0 2 0 4 0.11
48 25 0 46 39 0 0 33 39 14 48 0 0 40 42 14 0 0 0 0 26 44 16 0 21 0 33 2 37 1 16 36 17 0.61
0 0 3 0 0 7 16 0 1 1 2 0 2 3 6 0 0 0 0 0 0 7 0 10 14 4 9 0 0 0 6 9 7 0.29
39 31 31 30 0 0 40 26 13 2 38 0 5 42 1 0 45 0 0 47 0 0 0 40 24 17 26 39 0 38 7 4 39 0.6
0 2 16 0 32 10 21 41 0 3 0 41 42 0 20 22 45 8 31 30 16 22 0 30 43 33 0 0 0 0 89 51 0 0.61
6 6 0 0 0 2 0 0 0 0 0 2 2 1 6 0 0 0 0 1 0 3 0 2 0 2 0 0 4 1 1 0 0 0.11
90 0 33 20 0 49 0 0 0 136 0 55 0 0 0 0 10 50 41 0 0 57 0 0 51 0 0 30 19 0 0 0 17 0.42
10 0 0 0 0 2 0 3 0 0 19 0 0 1 12 0 0 3 0 3 12 0 2 0 0 2 0 9 3 0 10 0 1 0.23
0 2 9 1 1 0 6 14 0 3 7 0 1 2 1 13 14 6 8 0 10 10 2 6 1 2 0 11 8 4 0 0 17 0.42
0 0 9 14 18 0 2 0 8 6 1 4 1 0 9 0 3 19 1 11 5 12 0 2 0 0 2 0 0 0 13 3 6 0.36
0 6 1 0 10 3 14 11 3 0 1 9 3 6 0 2 3 2 14 0 11 5 10 3 2 2 0 6 3 0 1 0 0 0.36
2 8 11 0 4 0 14 0 1 17 23 17 2 0 5 1 1 2 0 14 7 0 23 4 0 0 4 9 5 0 0 19 15 0.43
2 10 0 12 0 0 1 0 6 0 11 1 1 5 1 0 3 0 4 4 0 2 11 8 0 18 0 4 5 10 0 0 0 0.32
1 1 0 12 0 3 0 3 0 0 0 4 0 9 10 7 0 0 1 5 3 1 0 15 15 2 7 0 4 2 2 0 7 0.3
10 10 0 52 48 0 44 34 13 0 0 1 50 0 0 30 2 99 0 0 0 0 26 0 19 0 38 0 0 0 40 43 0 0.46
0 0 58 0 22 0 38 31 0 38 0 16 40 36 0 26 28 49 47 25 0 0 41 91 50 56 39 0 0 40 0 30 38 0.63
0 0 0 2 0 0 2 3 0 2 0 2 0 0 0 0 5 0 0 0 3 0 1 0 0 0 4 0 0 1 5 1 0 0.09
138 0 40 0 0 50 53 36 0 33 17 41 41 0 32 0 7 33 23 11 117 0 40 0 109 45 16 31 37 39 44 39 36 0.74
0 3 0 0 0 0 3 1 3 0 0 0 0 3 1 1 0 0 3 0 5 1 0 5 0 4 3 3 3 1 0 0 0 0.13
0 2 0 0 2 0 0 0 6 1 0 2 1 0 3 1 0 1 0 0 2 0 0 3 0 2 0 2 0 2 0 2 3 0.1
0 4 5 1 0 4 1 1 0 4 0 3 0 0 0 0 0 3 0 0 3 0 3 0 0 0 0 0 5 0 0 0 0 0.11
0 0 60 0 10 13 54 98 16 47 0 0 35 0 0 0 31 7 26 0 0 28 0 4 34 20 0 0 0 0 34 28 14 0.51
25 10 33 4 44 0 0 28 0 80 40 0 0 27 41 35 35 8 32 0 0 0 34 0 8 0 0 105 13 0 66 44 0 0.57
5 9 15 6 0 6 1 3 5 2 10 1 0 5 5 2 3 1 0 6 2 0 0 17 24 1 16 1 0 4 1 9 10 0.41
3 14 3 4 1 6 0 0 0 0 4 3 0 2 0 14 2 1 0 1 0 0 10 9 9 0 3 0 1 0 3 11 13 0.31
2 5 0 1 3 0 10 6 8 0 9 0 0 0 0 0 12 0 0 0 3 8 0 0 15 1 0 0 7 5 2 2 11 0.3
6 0 3 0 0 0 0 0 2 0 0 0 3 0 1 0 0 2 0 2 0 4 0 0 2 0 1 0 0 0 1 5 3 0.1
0 5 0 0 0 0 0 4 0 0 3 0 0 0 5 4 3 0 5 0 0 0 0 0 4 0 1 2 0 0 0 0 0 0.1
79 36 136 21 0 37 12 50 147 10 61 0 21 0 24 21 0 19 33 0 17 23 0 60 33 33 0 2 0 34 0 5 0 0.65
0 0 0 4 1 3 14 1 13 0 0 8 9 0 0 2 3 7 0 16 0 2 6 17 2 0 0 4 1 0 5 7 11 0.34
83 29 37 3 16 0 0 0 8 31 0 30 0 0 33 48 0 0 31 93 7 0 0 48 18 20 39 0 34 0 35 0 36 0.56
0 0 32 0 26 0 0 0 27 26 40 46 0 0 33 0 13 0 21 30 15 46 0 0 0 0 20 3 0 31 0 42 0 0.46
45 33 9 0 45 0 8 0 51 95 36 39 0 35 23 23 0 0 15 51 0 17 33 0 0 0 39 35 0 31 4 37 0 0.6
0 2 1 1 0 5 5 1 3 2 0 6 0 0 0 0 0 0 1 0 1 0 0 4 0 2 0 5 0 5 0 0 0 0.13
0 4 1 4 6 0 7 0 5 0 14 3 3 6 5 1 7 19 7 0 10 7 10 4 5 4 3 19 4 1 10 11 23 0.5
8 10 9 3 1 5 0 0 3 18 9 5 8 0 7 0 0 3 0 15 3 0 2 0 7 0 4 1 0 17 0 3 4 0.37
6 5 22 45 23 0 36 24 38 15 0 0 0 41 0 0 0 0 8 40 0 4 24 81 21 0 0 0 35 36 0 22 0 0.52
1 0 3 3 0 0 1 3 5 4 0 0 2 4 3 4 0 0 4 2 0 3 0 0 2 1 2 2 0 3 0 0 1 0.16
