29 24 0 40 0 0 37 0 0 0 0 37 35 50 8 0 1 0 20 37 19 37 0 0 21 0.51
3 0 0 3 5 0 1 0 0 0 0 5 0 0 3 5 0 0 3 0 0 0 0 0 0 0.11
1 0 0 2 3 3 0 1 0 0 0 0 0 0 0 1 0 2 2 0 0 1 3 1 6 0.1
0 0 47 0 55 39 62 0 39 0 50 0 37 0 0 4 0 51 51 0 31 21 30 31 0 0.53
8 0 5 0 0 0 12 0 0 0 16 12 0 11 3 0 3 4 13 3 0 8 0 0 8 0.36
5 0 0 3 0 0 6 0 0 3 1 3 0 2 0 0 0 5 0 3 4 0 2 0 0 0.14
35 144 0 94 6 0 27 34 41 0 35 5 0 35 0 40 82 46 100 24 38 51 17 58 0 0.72
45 0 35 86 0 16 6 19 32 2 21 53 42 28 40 43 39 32 0 35 40 0 0 0 0 0.67
5 0 0 13 2 9 4 9 10 7 9 9 8 7 0 0 3 2 0 6 3 0 3 2 10 0.47
33 22 0 0 0 33 47 14 0 72 0 38 0 25 0 32 42 26 0 0 0 0 32 0 0 0.48
0 4 2 0 0 5 3 1 0 2 1 0 4 0 0 0 1 0 4 0 1 4 0 0 0 0.12
5 5 8 7 0 19 3 0 2 0 0 0 0 0 3 4 10 0 0 0 0 4 3 13 6 0.32
3 5 0 0 10 1 2 2 0 1 0 23 0 5 2 9 1 2 0 9 8 3 13 3 7 0.37
5 0 0 7 0 3 2 2 9 0 0 6 0 5 12 1 0 0 0 16 0 5 0 2 6 0.29
2 3 4 0 0 2 1 0 0 0 1 0 0 0 2 0 0 1 0 2 0 1 3 0 1 0.09
4 0 40 0 0 39 0 24 40 0 0 48 18 0 13 48 0 35 35 0 4 0 0 3 16 0.48
9 6 7 0 6 0 0 0 1 13 3 0 0 5 16 8 6 0 12 20 0 1 23 1 6 0.43
0 2 0 0 0 6 0 0 0 0 2 0 0 0 2 0 1 3 1 0 1 0 3 0 0 0.08
6 10 1 11 2 5 0 5 2 12 2 10 1 1 4 2 0 3 19 14 10 11 0 3 5 0.48
0 1 0 0 0 2 3 0 0 0 0 0 2 3 0 0 1 0 3 0 1 0 0 0 0 0.06
0 4 0 0 6 0 0 0 3 0 3 0 2 1 0 0 1 0 0 0 0 0 0 2 0 0.08
0 4 6 0 0 0 10 14 14 0 9 0 1 0 1 0 1 6 10 4 11 1 0 10 4 0.38
0 7 0 0 16 14 0 2 3 2 4 0 8 7 11 18 0 2 0 16 0 0 0 2 0 0.34
6 1 2 3 17 2 10 0 0 0 2 12 0 2 0 0 0 1 3 0 0 0 0 0 0 0.2
0 5 4 1 1 9 7 3 22 5 13 3 8 11 0 6 1 3 4 8 4 9 2 19 0 0.49
1 6 4 0 0 0 11 0 2 0 0 0 13 17 0 8 2 11 0 8 0 4 15 10 2 0.38
1 0 2 3 0 1 0 13 5 0 3 3 0 1 16 7 0 0 9 0 3 5 0 3 4 0.28
14 17 0 23 41 0 24 16 0 0 92 27 37 0 17 0 38 32 0 32 0 3 0 14 40 0.61
0 2 0 0 0 1 0 3 0 0 4 2 0 0 0 0 1 0 0 1 0 2 3 0 0 0.07
39 0 18 33 9 33 4 11 32 35 2 0 0 29 27 0 34 0 31 41 30 51 26 29 38 0.74
46 31 148 60 0 0 0 0 28 0 0 31 0 16 8 0 0 0 49 38 0 0 10 21 11 0.51
0 8 4 10 0 0 9 0 4 3 3 11 5 10 0 2 0 0 0 0 15 1 0 10 10 0.39
0 2 1 0 0 0 0 3 0 0 0 0 0 2 0 0 0 0 1 3 0 0 0 0 1 0.05
2 1 0 3 0 14 18 0 13 0 0 9 13 0 7 0 0 11 13 0 0 3 4 1 3 0.37
4 3 8 0 11 1 9 1 6 2 1 0 3 3 2 0 11 9 0 0 0 13 6 0 8 0.38
2 2 0 0 1 0 8 0 7 0 4 10 0 8 2 18 0 3 5 1 4 0 0 6 1 0.29
0 0 2 0 9 3 4 3 4 4 0 15 3 12 3 0 7 1 4 6 2 23 0 3 13 0.39
2 5 1 0 0 0 0 0 11 3 0 3 3 3 0 3 13 0 0 0 4 1 0 0 3 0.2
34 0 0 0 6 0 41 32 0 0 58 8 0 0 50 46 49 0 0 14 27 24 54 39 0 0.53
2 63 0 0 0 0 39 37 31 10 0 47 47 88 30 48 0 40 1 1 0 35 0 26 51 0.57
0 0 6 10 2 1 3 3 0 3 17 9 3 0 0 12 11 1 0 7 8 0 0 5 0 0.36
4 1 0 0 2 1 0 0 2 1 1 0 3 2 4 0 0 0 0 1 0 1 0 0 0 0.09
1 0 5 0 0 2 0 0 3 3 2 0 0 8 0 7 1 0 3 5 0 0 0 0 6 0.18
2 0 2 4 2 0 3 0 0 2 1 0 0 1 0 0 4 0 0 2 0 0 0 0 0 0.09
0 0 3 2 0 0 0 1 3 3 0 1 1 2 0 0 2 2 4 1 4 0 0 0 0 0.11
1 0 0 0 0 0 0 3 0 3 2 3 0 1 0 0 0 0 0 2 1 2 5 0 3 0.1
0 7 4 0 1 9 3 1 0 0 1 10 3 0 0 0 4 10 0 0 0 6 1 0 8 0.27
3 11 3 3 0 1 0 0 0 4 0 9 3 2 0 11 5 4 4 0 22 9 0 0 1 0.32
5 3 1 1 0 0 6 3 1 2 0 0 0 0 0 0 1 0 1 0 1 1 3 0 0 0.11
0 1 2 2 4 3 5 0 2 3 0 6 0 0 0 3 4 0 2 1 0 3 0 0 2 0.17
5 7 0 4 1 0 0 3 2 2 0 0 0 11 11 1 0 13 6 6 12 0 0 3 14 0.36
0 3 0 1 0 2 0 0 0 1 0 0 0 4 0 0 0 1 0 0 0 4 0 0 0 0.06
1 0 3 0 0 3 0 0 0 3 0 1 2 1 2 2 0 1 0 0 2 0 4 0 0 0.1
3 0 0 3 2 7 6 3 6 5 0 9 1 1 23 11 6 8 11 0 2 0 0 0 0 0.36
6 0 0 2 6 0 1 0 0 0 0 4 4 0 0 0 0 1 0 0 0 0 0 0 3 0.1
11 1 0 0 0 0 9 19 2 1 0 1 14 0 20 1 6 12 4 3 1 10 3 3 0 0.38
10 0 0 0 3 0 6 0 0 0 6 1 2 0 9 3 0 6 22 0 0 0 5 2 6 0.27
1 4 9 4 4 0 0 0 0 10 3 3 1 1 6 16 6 1 23 0 11 4 16 2 4 0.41
5 0 7 0 2 5 2 3 0 1 16 0 1 0 0 2 0 0 9 0 0 1 3 0 0 0.2
12 0 21 40 0 47 0 50 2 26 0 0 40 0 37 0 31 16 38 42 2 39 0 47 34 0.61
1 23 0 11 6 3 16 0 6 3 0 16 6 6 6 4 12 1 7 15 0 0 4 3 6 0.48
1 0 14 3 1 4 3 2 5 7 2 7 9 5 9 14 20 3 1 4 5 12 14 8 0 0.51
1 1 2 9 19 0 3 4 18 3 24 0 15 3 7 17 4 18 9 21 0 18 8 3 8 0.58
40 49 3 33 38 32 0 36 0 9 26 16 0 30 0 0 0 0 0 0 8 35 48 50 0 0.56
0 2 0 0 4 2 0 0 0 0 3 0 0 0 0 1 4 2 0 0 5 0 0 2 0 0.1
40 87 21 17 16 0 14 36 0 0 0 45 6 40 39 0 9 0 0 0 0 31 117 0 0 0.54
0 0 1 0 6 6 0 4 6 0 3 0 17 1 12 0 0 13 21 3 2 0 3 1 0 0.3
9 0 132 9 0 31 34 41 0 34 0 0 0 0 36 47 0 0 34 12 0 31 34 47 14 0.59
0 10 8 0 3 0 0 6 10 0 1 3 0 19 8 10 0 6 5 0 7 9 3 4 0 0.41
0 11 0 0 0 6 10 2 1 17 3 4 1 9 0 0 6 0 0 0 2 1 0 2 0 0.26
0 0 0 0 6 0 0 0 0 0 0 0 0 0 0 0 0 0 0 3 0 0 4 0 1 0.05
0 0 0 5 7 6 0 4 7 0 0 7 0 0 0 0 9 13 17 5 5 1 2 0 0 0.31
0 3 0 1 3 0 0 0 0 0 0 0 0 5 1 0 0 1 0 0 0 3 0 0 0 0.06
18 0 47 16 0 0 26 0 5 57 10 41 17 0 0 0 48 46 31 31 31 1 28 0 0 0.58
12 3 0 2 0 1 0 3 4 3 1 2 3 1 1 5 4 0 4 3 13 2 6 11 8 0.34
0 2 3 0 2 0 1 0 0 0 0 2 0 0 0 0 3 2 0 3 0 0 0 0 0 0.07
14 3 1 2 0 14 17 3 0 2 0 5 7 3 6 0 2 1 1 14 1 8 0 10 9 0.41
0 4 3 3 0 0 0 6 0 2 2 0 6 0 1 11 3 2 2 0 0 0 18 7 14 0.28
0 0 0 0 17 17 0 0 14 39 0 23 35 0 0 50 22 93 24 43 29 0 0 0 33 0.52
1 2 0 1 1 0 0 0 3 0 1 1 0 2 0 0 0 0 4 0 0 0 0 0 0 0.06
1 0 0 2 2 8 10 0 3 1 2 0 0 0 2 7 0 0 13 14 3 1 0 1 0 0.25
45 41 46 41 0 0 0 42 46 45 34 0 41 32 42 17 0 43 0 37 0 46 0 40 46 0.68
0 4 2 2 0 0 1 2 0 2 0 1 0 0 3 0 2 1 0 0 2 4 0 1 1 0.11
2 0 4 14 11 10 8 0 14 0 6 0 0 3 0 13 0 7 0 0 3 3 3 7 0 0.38
9 9 20 8 0 9 0 1 3 1 0 3 0 0 8 2 0 6 21 0 1 0 5 11 6 0.4
0 0 0 8 0 0 1 0 11 0 17 6 13 3 8 0 0 0 1 6 4 3 12 12 0 0.36
6 3 0 0 3 0 0 2 5 2 0 5 0 0 0 0 1 2 0 0 6 0 3 0 0 0.15
6 8 3 0 13 10 2 5 0 14 5 2 4 0 0 0 0 2 0 10 0 0 3 7 15 0.38
6 8 11 3 2 5 14 8 1 2 8 8 3 7 5 0 17 9 0 0 11 9 5 6 3 0.55
6 0 0 0 19 1 5 0 0 10 8 3 0 6 12 4 4 0 9 1 0 0 0 1 1 0.31
3 0 2 1 0 0 5 10 0 5 0 1 0 0 0 3 0 0 0 0 0 3 13 1 0 0.17
12 25 39 7 0 0 40 14 105 42 28 7 78 51 40 0 2 16 3 129 36 96 0 18 35 0.75
4 0 0 0 0 6 0 1 0 4 0 0 3 4 6 0 2 0 0 0 4 0 6 2 2 0.17
0 0 6 12 4 3 4 0 3 0 2 2 0 1 0 12 4 1 0 0 0 14 0 4 3 0.26
17 9 0 7 27 34 22 43 0 0 29 0 2 33 0 37 32 0 0 2 46 8 10 41 92 0.63
0 0 0 6 7 10 5 0 3 0 0 16 10 0 1 0 0 14 1 13 0 6 4 0 0 0.33
2 16 4 0 3 7 8 11 9 0 0 0 9 5 0 0 0 0 0 6 4 3 0 5 3 0.35
83 5 0 0 0 55 29 48 0 0 0 0 0 30 7 39 49 40 74 0 63 38 93 35 36 0.6
0 34 54 0 0 32 18 2 21 34 34 0 32 0 21 17 33 0 44 15 92 55 0 26 40 0.68
0 0 7 5 0 6 0 0 0 0 2 4 4 5 1 3 1 0 12 1 0 1 3 0 0 0.21
1 0 1 0 10 0 0 0 2 5 0 0 11 0 1 9 17 0 0 13 0 13 1 0 0 0.28
0 0 0 0 0 19 0 0 6 15 3 3 10 9 0 6 9 4 1 1 10 0 1 6 6 0.37
3 0 1 0 0 1 2 1 3 0 0 4 3 0 1 0 0 0 0 0 0 2 1 5 0 0.1
0 2 3 3 0 0 19 10 5 1 1 1 0 0 2 0 0 3 3 0 7 2 6 5 7 0.28
45 152 31 19 41 5 93 80 52 48 35 21 54 45 2 13 37 50 32 89 0 23 27 39 43 0.9
0 6 1 6 0 3 0 3 0 3 0 1 0 0 3 0 4 0 2 0 1 4 0 6 0 0.17
0 1 0 0 0 0 6 0 0 3 0 6 0 0 2 1 0 0 6 0 0 0 0 0 1 0.1
0 33 37 24 23 54 19 34 0 19 0 37 36 49 21 19 38 0 34 0 47 0 0 0 0 0.64
1 2 0 24 0 0 1 1 23 13 12 19 5 11 12 11 0 21 0 1 4 15 2 2 0 0.47
0 0 0 1 0 3 1 0 3 0 0 0 0 0 2 0 0 0 0 0 3 4 2 0 0 0.07
1 1 0 0 5 3 0 0 0 3 4 0 0 0 1 0 3 1 0 0 2 5 0 0 2 0.12
0 1 0 0 0 0 0 3 0 3 3 0 0 0 0 0 0 3 0 0 0 1 1 0 0 0.06
0 3 0 0 0 1 3 1 1 0 0 0 0 1 0 0 1 4 0 2 3 0 0 3 0 0.09
37 34 0 0 14 0 24 0 42 0 0 0 0 0 0 37 0 39 0 44 0 0 34 36 37 0.44
0 0 0 0 0 38 0 17 37 1 17 22 38 19 27 35 0 35 0 0 67 4 0 0 31 0.5
4 1 5 4 14 6 0 14 19 0 0 7 10 9 7 2 4 0 0 3 1 7 16 7 5 0.48
0 51 77 11 38 46 0 89 41 0 0 15 47 33 0 0 125 40 0 26 27 27 51 31 51 0.72
1 19 2 2 8 1 0 0 3 0 0 0 3 0 5 4 5 9 14 0 6 0 2 1 5 0.3
0 57 0 0 0 0 0 0 0 0 16 91 0 0 38 27 0 23 0 0 39 32 0 24 26 0.4
0 5 10 7 5 0 5 0 3 6 3 0 3 0 0 6 6 13 14 8 0 11 3 0 0 0.4
3 0 11 3 3 3 0 1 24 2 7 0 5 0 5 3 2 0 5 9 7 7 4 0 4 0.37
16 42 40 36 0 27 152 16 48 0 41 0 47 0 39 40 0 0 0 3 36 137 0 13 9 0.64
9 0 0 0 0 2 47 0 33 0 0 39 28 0 26 24 34 40 32 15 0 125 32 8 0 0.55
3 0 0 6 0 5 11 0 0 0 2 18 3 7 3 2 0 5 0 12 0 4 4 0 0 0.29
0 0 4 0 0 0 0 0 4 2 0 0 0 2 0 0 0 0 0 0 0 1 0 0 1 0.05
0 2 0 40 28 40 47 0 9 0 133 0 39 0 0 0 0 0 12 0 13 5 35 0 0 0.42
0 6 8 1 0 4 0 0 2 2 1 0 0 0 0 10 0 2 9 1 0 11 1 0 5 0.24
15 0 3 3 2 4 0 1 0 13 6 8 5 3 5 1 11 0 8 2 0 5 6 3 1 0.38
1 4 13 2 17 0 10 0 9 3 1 1 3 13 7 4 2 3 6 5 16 3 0 5 5 0.45
3 0 0 0 51 4 0 50 74 5 0 0 21 35 2 8 0 3 0 53 98 0 76 38 12 0.5
0 1 0 0 2 0 0 8 9 0 0 15 19 6 6 0 0 3 0 13 0 3 0 19 9 0.34
3 2 16 12 6 2 0 8 8 0 2 0 3 9 0 2 5 2 2 5 0 5 5 14 0 0.39
0 5 0 2 0 2 12 0 13 10 0 9 12 0 9 8 2 0 14 0 0 4 0 2 11 0.41
6 0 3 0 10 5 10 0 10 11 2 0 1 0 6 0 3 3 0 11 0 1 8 10 7 0.41
3 19 6 2 7 1 5 0 14 0 0 5 0 6 2 0 0 2 4 0 0 12 0 0 0 0.29
17 12 0 3 0 0 13 1 3 0 0 9 5 1 0 3 3 8 9 0 5 7 0 10 0 0.38
0 5 0 3 17 13 3 9 0 1 18 0 9 7 0 5 11 0 13 7 0 10 0 0 0 0.43
0 0 6 0 0 0 8 7 6 0 0 0 1 5 0 0 13 0 0 5 0 11 2 8 0 0.27
0 50 15 0 84 34 48 8 0 0 36 17 42 0 0 0 0 40 38 0 0 45 18 39 12 0.59
5 0 0 2 0 0 2 0 1 0 0 1 0 2 2 0 0 2 0 3 0 0 0 0 0 0.07
2 1 0 0 0 0 0 3 0 1 0 0 0 0 3 0 3 0 0 1 0 0 1 3 0 0.07
13 38 29 21 0 0 26 71 36 0 0 37 0 0 0 0 38 34 31 73 53 23 29 37 27 0.68
4 1 3 3 0 0 0 0 5 0 0 0 3 0 2 4 0 0 0 0 2 6 1 0 0 0.13
4 2 2 3 3 0 3 0 0 2 0 4 0 0 0 6 0 3 4 0 3 0 0 0 5 0.17
0 9 0 0 0 3 3 9 0 0 9 0 2 0 0 0 8 6 0 9 1 8 0 0 0 0.26
8 16 11 3 5 13 3 1 0 0 1 10 0 0 0 18 8 11 0 4 0 3 0 11 3 0.43
0 0 0 0 0 0 6 0 0 4 2 0 4 1 0 0 0 0 4 0 0 1 2 1 0 0.1
47 38 32 35 39 0 148 32 0 19 61 33 22 0 0 36 22 41 0 19 0 31 36 0 0 0.68
39 17 0 39 21 56 0 0 0 0 60 0 20 0 37 19 0 83 21 0 34 39 32 3 0 0.57
0 4 0 12 17 0 12 7 11 9 0 1 0 0 0 12 4 4 0 3 1 0 0 0 9 0.36
33 81 0 0 24 19 28 23 0 0 10 0 5 37 0 0 0 49 7 0 41 20 27 50 0 0.56
7 34 0 0 0 0 53 23 6 17 11 0 6 51 0 0 0 29 4 10 12 16 33 0 52 0.57
5 0 9 2 8 7 4 1 14 6 6 2 2 0 2 4 4 8 0 2 2 7 11 1 7 0.43
11 1 1 3 1 0 1 0 4 7 8 0 8 16 3 2 1 0 15 5 1 2 7 7 1 0.37
0 0 0 0 0 1 0 0 0 0 3 2 3 0 0 1 0 0 1 0 4 2 0 0 6 0.09
1 6 18 0 0 1 0 0 3 0 3 1 3 6 13 22 2 3 1 3 8 1 4 0 9 0.34
23 10 0 24 0 43 5 41 0 92 29 0 9 0 0 0 0 1 0 13 0 51 29 0 31 0.5
11 6 2 0 0 8 15 8 0 13 8 1 2 1 24 3 0 0 4 1 0 17 0 3 13 0.42
0 0 1 0 0 5 0 0 0 2 15 0 8 0 19 0 0 11 10 9 0 4 12 0 3 0.32
0 4 0 0 2 0 0 0 0 0 0 1 0 0 4 3 0 0 0 0 0 0 0 0 4 0.07
3 0 0 0 0 0 3 0 0 4 7 4 0 9 0 0 0 7 8 2 8 3 10 0 10 0.31
0 6 0 9 0 2 0 0 3 0 0 12 8 8 3 3 5 3 2 4 13 8 4 0 1 0.35
0 33 5 21 47 12 46 29 153 0 21 0 12 0 31 0 0 0 16 0 0 0 26 0 7 0.52
0 0 0 0 0 0 3 0 17 2 1 0 0 0 1 0 0 15 11 0 2 0 0 0 0 0.15
0 3 0 1 2 0 0 3 3 2 0 0 1 0 1 2 0 0 2 0 0 0 2 0 3 0.1
0 0 0 4 4 0 2 0 0 6 0 0 0 5 0 0 7 0 3 3 16 3 9 7 5 0.27
2 4 2 8 1 5 1 12 2 2 5 4 4 6 8 5 0 16 3 9 0 5 4 6 7 0.45
0 1 2 8 0 2 0 9 6 6 20 0 3 8 2 2 5 2 0 0 0 1 1 3 1 0.28
3 0 0 6 1 2 6 2 3 1 0 2 0 1 0 0 0 1 0 0 1 4 2 0 4 0.15
0 0 0 2 1 1 0 0 0 0 0 2 3 0 0 0 0 0 0 5 0 0 3 0 6 0.09
0 1 0 3 1 0 2 3 2 1 3 2 0 2 24 0 0 12 1 1 0 5 1 6 1 0.21
8 2 3 1 0 2 0 4 0 10 0 0 1 0 5 13 1 2 2 1 0 4 0 7 0 0.25
6 0 0 0 5 14 0 11 0 4 5 1 0 0 4 0 0 0 0 1 13 7 10 3 14 0.34
0 0 0 0 1 0 6 6 0 5 0 0 0 0 0 0 3 0 5 3 0 1 5 0 0 0.13
0 3 1 0 10 0 3 8 0 0 2 2 11 0 0 0 0 13 0 0 0 14 4 3 0 0.26
2 1 3 2 0 0 2 5 5 5 3 11 0 0 6 1 1 3 5 23 11 0 0 5 2 0.32
2 2 0 2 1 0 0 0 0 1 0 0 18 1 1 2 0 0 17 2 8 0 9 2 0 0.21
0 9 0 0 0 0 7 0 0 2 7 15 8 7 11 4 5 0 0 6 7 9 0 15 0 0.4
0 0 3 1 4 6 0 3 0 0 0 2 0 2 0 0 1 4 0 0 0 0 0 0 0 0.1
28 42 34 44 0 0 0 15 16 28 3 0 33 37 16 0 73 30 0 59 38 37 33 39 0 0.69
2 0 0 4 0 1 3 0 3 0 16 3 0 0 7 0 0 17 1 0 3 0 2 0 0 0.19
38 0 0 34 11 35 49 157 14 50 17 0 38 31 55 118 0 27 137 23 35 36 46 0 0 0.76
50 4 41 47 32 0 45 4 42 11 32 0 33 0 0 35 28 41 38 48 33 0 0 0 0 0.63
0 0 0 4 0 0 0 0 0 0 0 0 0 0 0 0 0 0 1 2 0 3 6 0 2 0.07
0 10 38 29 0 18 31 13 0 32 35 31 0 37 0 0 0 0 44 0 0 36 2 52 29 0.56
6 0 1 0 0 6 0 3 0 0 0 0 3 0 4 0 0 0 4 0 12 0 7 12 16 0.25
0 0 4 0 2 0 0 0 3 2 0 2 0 0 3 0 3 0 0 0 6 0 3 3 0 0.12
6 1 0 1 0 0 0 0 0 0 0 0 2 0 0 2 0 2 0 3 0 0 0 0 2 0.07
21 3 7 6 9 8 4 0 7 1 0 3 0 1 12 0 7 0 3 0 1 9 14 1 14 0.43
2 6 4 0 1 0 3 5 1 10 16 14 8 9 13 0 0 10 0 18 0 0 0 0 6 0.42
1 21 4 12 10 5 0 10 7 0 9 9 1 13 2 0 0 0 0 6 0 11 1 0 3 0.43
7 0 0 24 44 23 0 14 0 47 40 41 0 0 33 37 0 36 0 0 0 14 24 31 0 0.54
2 3 0 5 0 0 0 7 0 3 0 1 13 1 3 5 6 9 0 6 0 2 0 4 10 0.3
0 0 10 7 2 0 11 10 0 1 10 0 13 9 0 0 0 0 2 2 0 3 3 0 10 0.35
1 2 5 4 3 0 2 0 9 5 2 4 6 0 3 0 1 0 7 0 1 2 12 1 7 0.29
0 1 7 3 1 8 7 0 7 0 3 0 6 0 24 6 0 18 10 1 4 3 11 11 0 0.42
3 3 3 0 3 4 13 3 9 7 0 0 3 6 0 0 1 0 0 3 4 10 1 3 22 0.34
4 0 13 0 9 6 0 0 0 0 1 0 0 10 0 18 0 1 6 2 0 6 5 2 2 0.29
3 4 3 0 2 0 1 0 0 0 1 0 0 2 1 0 3 0 0 3 2 0 0 0 0 0.1
3 3 4 7 10 1 13 0 0 0 0 1 2 1 3 6 8 1 0 0 10 8 6 7 3 0.37
0 34 0 26 114 0 30 27 0 0 30 45 26 65 29 0 32 7 32 0 16 40 0 34 41 0.66
5 0 1 2 2 0 0 4 1 1 0 0 3 0 0 0 0 0 5 0 0 3 2 2 4 0.14
6 0 0 0 14 13 1 0 6 9 0 2 1 3 0 0 0 12 0 0 24 0 0 1 5 0.29
0 0 0 0 1 5 0 3 3 0 0 1 0 0 0 0 0 4 1 1 1 0 0 0 5 0.1
37 19 18 0 0 0 0 15 0 24 1 0 0 31 7 0 48 98 96 50 0 0 87 0 38 0.51
0 0 0 42 0 0 22 38 158 29 0 0 0 4 17 5 0 37 0 0 48 23 0 0 44 0.43
1 15 5 7 0 0 0 0 1 6 4 7 8 0 13 6 0 3 2 2 0 7 0 3 10 0.36
0 1 6 2 0 3 20 0 0 2 7 4 0 15 19 3 8 3 4 4 7 13 1 0 6 0.4
1 0 8 2 0 2 6 2 1 1 22 7 2 0 1 0 5 0 0 4 4 6 0 1 1 0.25
0 16 0 0 0 7 4 4 21 6 0 4 0 22 0 0 2 9 1 2 0 9 8 6 8 0.4
127 0 16 4 31 0 33 41 19 0 26 12 24 0 36 0 35 0 0 0 0 0 6 70 31 0.56
2 3 10 12 0 0 0 15 6 0 1 0 0 3 0 0 7 0 9 2 2 14 0 5 11 0.36
0 0 0 0 0 3 4 1 0 0 4 3 4 0 2 3 0 3 1 0 0 0 0 1 0 0.11
43 43 23 38 36 0 0 45 15 142 0 48 0 24 24 0 49 0 26 47 2 0 25 0 23 0.64
0 8 17 5 0 0 0 7 0 0 0 8 0 0 0 0 0 1 10 0 13 0 0 0 13 0.27
1 0 0 0 0 0 3 0 0 0 0 0 1 0 3 0 0 4 3 0 2 3 1 2 0 0.09
11 0 0 0 0 3 1 6 0 0 3 0 0 0 2 3 8 0 10 1 3 10 0 9 0 0.27
5 0 0 0 5 1 0 0 3 2 1 4 3 1 5 0 3 4 1 3 2 0 0 0 3 0.18
0 1 1 0 0 2 0 1 2 0 0 0 1 2 2 0 1 0 0 2 3 3 0 0 0 0.08
0 1 6 0 2 2 0 2 0 0 0 0 0 0 0 2 0 0 0 2 0 0 2 0 4 0.09
0 0 9 0 34 36 0 4 16 29 59 27 40 0 0 44 23 36 117 1 0 50 0 0 48 0.57
0 1 10 0 0 0 0 6 1 3 3 0 0 1 9 10 2 0 5 1 2 9 0 6 0 0.27
0 0 4 0 1 0 0 0 4 2 3 0 0 4 3 0 3 4 1 2 1 0 0 0 0 0.12
11 8 3 15 0 0 2 6 0 0 0 8 1 2 3 0 8 0 0 0 1 9 3 1 0 0.29
3 0 0 0 1 0 17 3 2 6 1 2 12 3 0 1 1 0 0 0 2 0 9 14 9 0.29
0 0 6 16 0 1 2 1 0 10 0 10 0 7 0 8 8 2 0 17 1 0 15 0 11 0.38
0 5 0 0 3 0 2 3 0 0 0 0 2 0 0 4 1 0 5 4 3 3 3 2 3 0.17
0 0 3 0 0 0 0 0 0 0 0 0 0 0 0 0 0 0 0 0 0 3 0 0 0 0.02
1 0 4 0 4 0 12 14 0 6 0 5 2 6 1 0 1 13 8 5 22 9 2 4 1 0.39
9 5 0 18 0 2 0 0 0 10 6 0 3 0 0 14 0 0 0 9 19 0 14 0 2 0.34
0 5 10 2 0 14 9 23 1 1 5 7 0 10 7 0 23 0 2 5 1 0 3 10 1 0.43
0 8 0 13 0 0 2 0 1 0 1 8 0 2 3 8 0 3 7 8 3 7 18 9 2 0.36
7 1 2 0 0 0 0 3 13 13 5 1 23 9 8 7 0 2 2 14 3 6 2 21 0 0.43
3 12 5 5 2 13 0 19 3 0 0 2 15 0 6 12 2 10 0 0 10 5 1 1 7 0.44
2 0 3 0 0 1 0 0 3 0 0 0 1 0 0 0 0 0 0 3 3 2 0 0 0 0.07
0 1 1 1 0 3 2 0 2 0 0 0 1 0 0 0 0 0 5 0 0 0 0 0 0 0.06
0 5 0 0 0 0 2 1 0 0 0 0 0 6 4 0 0 0 0 0 0 0 0 0 0 0.07
0 2 1 15 1 17 7 0 4 1 5 1 3 0 1 2 0 3 5 4 2 2 3 0 0 0.26
0 0 2 13 1 3 0 5 0 0 0 6 17 12 2 0 3 2 21 6 2 2 1 1 0 0.3
0 0 0 1 0 0 0 0 0 1 0 0 5 3 0 0 1 3 0 4 3 0 0 0 0 0.08
18 14 27 0 9 25 0 0 38 0 0 24 47 34 0 20 0 0 11 8 0 9 44 0 0 0.54
16 33 0 0 26 46 47 0 0 0 0 50 49 0 0 26 0 0 31 0 0 17 17 97 45 0.52
0 8 0 3 7 3 4 6 0 1 6 18 0 0 3 0 1 10 2 2 0 5 4 2 3 0.32
5 7 10 0 0 3 10 3 0 5 13 0 1 7 3 0 0 2 2 0 0 0 7 10 1 0.34
0 0 18 0 11 0 2 3 3 0 2 0 3 0 10 1 6 12 0 0 2 7 0 1 2 0.28
6 2 10 2 2 7 3 0 8 0 18 3 3 0 3 3 18 2 1 2 0 1 0 7 20 0.37
7 2 14 1 14 9 3 23 2 7 1 1 0 3 0 7 2 2 3 1 10 0 18 6 4 0.44
0 0 3 6 0 0 0 0 2 0 0 2 0 1 1 0 2 0 0 2 0 0 0 2 1 0.08
0 3 4 5 0 5 0 4 3 3 0 4 1 0 1 0 0 0 0 0 4 0 2 2 0 0.16
38 34 27 59 0 41 0 0 0 20 33 9 31 59 42 65 17 9 28 47 0 23 34 2 0 0.72
0 0 0 0 0 1 0 0 0 0 2 0 0 0 0 0 4 0 3 0 0 0 0 0 2 0.04
0 0 3 0 0 0 6 2 0 1 3 0 4 0 0 0 0 0 1 0 6 2 3 2 2 0.14
1 0 2 2 4 8 2 7 0 0 0 6 9 3 0 10 5 6 0 0 0 2 4 12 0 0.32
4 0 1 0 1 3 0 0 0 2 0 4 6 1 0 0 0 0 0 0 4 0 0 0 3 0.11
7 0 8 7 8 9 8 5 0 0 0 0 4 1 0 3 6 6 1 0 0 0 3 0 5 0.32
0 12 1 5 3 3 2 0 0 0 8 0 3 0 0 4 0 18 5 4 17 22 18 1 8 0.38
41 0 143 0 27 0 92 35 20 0 0 53 42 0 0 46 41 27 15 35 13 17 49 0 0 0.64
6 0 3 5 6 3 1 0 6 1 10 11 20 5 8 4 3 0 1 11 0 0 1 5 5 0.41
25 33 0 31 38 6 106 0 16 10 0 37 18 0 78 0 155 3 12 0 33 11 10 0 11 0.67
34 49 21 0 29 0 0 0 0 73 22 19 42 91 45 37 0 0 0 21 0 0 45 0 96 0.56
0 3 0 0 0 0 0 1 0 0 3 3 0 0 0 0 1 1 0 1 3 0 0 0 0 0.06
7 0 0 4 0 13 0 6 0 0 0 4 9 0 14 10 5 10 0 9 12 1 0 0 3 0.39
0 0 0 0 0 3 0 0 0 1 0 0 2 0 0 1 0 0 4 3 2 0 1 0 6 0.09
0 0 39 0 45 0 29 56 13 36 3 13 39 122 48 40 0 0 0 10 0 21 0 0 46 0.57
0 0 0 3 0 2 2 4 0 3 0 5 1 5 1 0 0 3 0 0 0 2 4 2 5 0.16
20 0 1 4 13 0 9 1 16 12 3 0 5 6 23 0 1 7 0 0 6 0 19 3 10 0.46
2 0 0 2 3 9 0 0 3 10 0 1 3 1 2 9 6 0 0 7 4 8 0 3 13 0.33
9 1 0 0 1 2 14 0 14 0 2 0 6 8 0 2 11 5 8 7 2 8 0 2 12 0.41
2 2 0 0 9 2 0 0 2 6 6 3 0 0 0 12 1 0 16 2 3 15 0 0 4 0.28
0 0 8 9 64 59 33 41 37 0 36 29 29 0 56 0 12 0 0 0 22 0 17 23 94 0.62
2 0 0 0 1 0 0 6 0 0 0 3 0 1 0 0 2 6 0 2 2 0 0 3 3 0.12
10 8 1 9 0 0 8 8 0 0 2 0 0 9 3 0 4 5 0 5 10 3 0 2 3 0.36
5 0 0 0 0 1 4 1 0 4 3 0 4 0 0 0 1 3 0 0 0 0 0 3 2 0.12
3 0 1 0 0 0 4 0 0 0 4 4 0 0 0 0 3 2 0 0 0 1 0 3 0 0.1
2 0 1 14 3 2 0 0 11 0 0 0 10 0 0 19 4 6 0 0 0 0 0 3 3 0.25
49 0 41 0 33 12 1 0 55 0 10 19 0 3 0 0 0 0 0 106 0 48 34 45 43 0.49
0 0 0 2 0 3 5 2 0 4 0 0 1 0 0 0 0 3 0 1 0 0 4 0 1 0.1
0 3 0 0 0 0 0 0 2 0 0 0 1 2 2 6 0 2 3 0 0 3 0 0 0 0.09
1 5 0 12 0 0 0 13 4 23 0 5 9 2 0 4 21 0 0 5 2 0 2 2 9 0.36
2 0 1 1 0 0 0 0 0 4 4 0 0 0 0 1 3 0 0 5 1 2 6 0 0 0.12
0 21 0 32 32 0 0 7 37 0 32 28 49 32 82 33 8 16 46 60 4 0 0 0 40 0.63
3 0 6 0 6 9 5 12 0 0 0 0 21 4 0 0 9 0 0 12 5 2 0 5 5 0.35
0 0 3 0 1 3 0 0 2 1 0 3 4 0 0 0 0 4 0 0 0 4 0 3 3 0.12
0 32 3 0 44 20 0 12 0 37 31 1 34 37 0 50 0 116 47 10 59 32 0 6 33 0.63
27 11 29 33 50 0 11 35 50 60 0 48 10 0 0 49 38 45 0 37 41 0 90 20 0 0.72
3 2 0 0 4 2 0 0 0 0 0 5 0 4 0 0 0 0 0 0 1 0 0 0 0 0.08
0 138 39 45 0 0 27 13 18 4 0 43 24 31 0 0 0 0 0 45 0 0 0 41 36 0.49
147 27 0 6 0 37 2 0 0 0 144 29 0 37 0 0 34 0 16 39 0 41 48 42 0 0.51
1 16 1 12 5 5 14 5 3 5 10 2 0 1 4 0 0 2 0 0 0 4 3 2 5 0.35
41 50 34 13 0 0 20 0 17 24 0 0 0 25 0 0 4 0 39 50 0 0 0 64 0 0.45
11 0 21 4 3 10 0 3 3 0 10 0 0 23 6 1 0 3 9 5 13 10 1 3 14 0.48
5 36 26 3 0 21 45 31 0 0 23 31 43 0 0 31 50 0 39 33 4 35 34 32 0 0.64
0 0 0 3 0 9 17 2 23 0 16 9 12 0 7 10 1 0 1 6 5 7 2 0 0 0.4
0 7 0 0 12 6 1 0 10 9 0 1 0 0 1 0 0 0 18 0 0 0 14 0 9 0.29
0 5 0 1 2 2 2 1 4 0 0 5 3 4 0 0 0 0 0 3 4 4 0 4 4 0.19
0 39 0 1 0 0 36 26 9 0 0 0 0 4 25 23 82 10 3 5 41 0 4 1 0 0.42
9 6 0 0 4 1 0 6 2 5 11 9 3 0 2 0 0 0 0 1 2 0 2 8 4 0.29
6 7 2 0 0 0 2 3 6 7 0 0 1 3 8 0 0 10 3 0 0 3 1 2 0 0.25
30 26 11 15 0 45 0 0 0 0 0 0 0 42 44 0 0 0 0 10 8 36 22 69 5 0.49
13 6 6 10 0 6 3 0 0 0 3 0 5 0 1 3 0 2 18 8 11 8 2 9 9 0.44
3 3 7 22 17 5 0 8 1 14 0 5 0 20 3 6 7 3 0 20 0 7 4 3 0 0.46
2 11 3 8 0 1 3 0 6 2 2 5 4 7 0 16 1 0 10 3 14 0 3 3 5 0.39
0 0 0 1 3 0 0 0 3 3 2 0 2 3 0 0 0 0 2 1 0 0 2 4 0 0.1
0 6 4 9 3 3 20 0 6 1 16 4 10 6 0 1 3 0 1 2 10 0 0 2 0 0.36
2 2 2 0 10 4 10 9 15 8 7 0 10 0 5 9 1 10 0 0 0 5 3 0 0 0.42
14 0 0 0 17 0 0 6 6 0 0 2 2 3 0 4 1 0 7 0 14 0 0 0 11 0.28
0 0 19 3 23 8 4 2 14 1 2 6 5 0 1 0 5 0 6 5 8 2 3 0 0 0.36
17 0 0 6 17 2 19 2 2 0 0 0 6 0 1 0 7 0 3 1 1 9 0 0 0 0.27
0 8 1 1 7 0 19 4 2 1 2 0 2 0 16 0 4 0 0 0 0 4 0 0 0 0.22
5 0 1 14 2 0 2 1 16 6 0 13 0 0 10 0 6 10 0 7 4 0 10 0 0 0.37
5 1 4 0 4 7 2 2 13 2 5 0 8 0 0 0 0 2 2 2 1 0 0 0 0 0.22
43 0 50 0 0 0 50 31 0 14 35 0 0 0 0 0 38 29 0 48 27 31 0 32 32 0.52
6 11 0 0 1 11 0 0 14 0 6 0 0 0 3 8 7 7 0 3 14 8 10 0 7 0.42
0 0 0 40 0 46 23 0 42 41 37 0 41 34 39 32 14 0 33 0 20 4 40 0 0 0.57
2 7 1 0 4 8 0 0 0 0 0 11 13 0 0 2 3 0 0 3 0 6 0 5 3 0.25
16 0 0 0 0 3 0 3 0 0 4 4 7 0 3 0 0 0 0 8 16 8 0 8 2 0.27
0 0 0 0 0 0 0 0 1 0 0 2 0 0 0 0 0 0 0 1 0 3 0 0 5 0.04
0 2 0 0 0 0 0 1 0 3 0 0 3 0 2 2 4 4 0 3 4 0 6 0 5 0.15
3 5 18 1 0 1 3 6 4 19 1 1 0 6 20 2 10 7 1 21 0 0 1 1 8 0.4
3 0 3 0 22 1 1 3 2 0 0 6 3 1 10 3 2 8 0 9 23 14 3 8 2 0.39
0 2 1 3 2 0 2 1 1 0 0 0 0 0 1 2 3 0 6 0 2 3 0 4 0 0.13
9 7 6 8 5 0 2 2 0 2 0 0 0 1 1 0 15 0 4 9 0 0 3 0 0 0.27
2 0 0 8 1 0 0 23 9 1 0 22 0 10 9 1 3 3 0 1 10 9 8 1 7 0.41
0 0 0 3 0 0 0 0 0 4 5 4 0 1 0 0 0 3 0 1 4 2 0 3 5 0.14
1 0 8 0 0 0 6 5 2 0 0 0 13 0 14 7 0 0 0 8 10 8 0 6 0 0.32
22 0 8 7 4 1 1 4 0 1 7 13 6 1 4 2 5 6 3 3 1 2 14 10 0 0.42
0 2 0 0 0 2 4 0 0 0 0 0 3 4 4 1 0 2 0 0 2 0 3 0 4 0.12
0 1 0 0 3 4 0 0 0 0 0 3 3 0 0 2 3 0 0 0 1 0 0 0 0 0.08
3 0 1 0 1 0 0 1 1 3 0 4 0 2 2 0 0 0 0 0 3 0 2 4 6 0.13
2 0 0 4 0 5 0 0 0 0 0 0 0 0 5 0 0 0 0 1 2 5 4 3 0 0.12
7 4 24 5 18 2 3 2 3 4 7 7 0 0 1 9 1 0 5 2 1 3 0 3 0 0.35
3 0 0 0 0 1 4 1 15 0 12 2 0 2 17 0 3 2 17 13 0 0 0 2 4 0.29
55 0 0 0 25 0 11 0 0 0 33 0 31 24 0 0 51 6 20 0 49 10 0 0 9 0.46
0 0 0 5 0 0 0 3 10 12 1 0 3 2 0 4 0 0 15 0 0 3 0 17 10 0.28
1 0 2 6 0 0 1 1 1 3 0 0 0 0 0 1 2 0 0 1 0 5 5 0 0 0.11
3 1 0 1 8 7 1 9 1 3 2 3 0 13 0 0 6 8 5 11 20 2 15 16 6 0.46
21 0 3 16 5 0 6 0 19 3 1 24 3 0 3 0 1 15 9 11 0 0 0 5 0 0.39
0 0 10 3 5 0 5 0 2 11 4 19 6 3 5 10 0 6 0 0 2 10 8 2 1 0.4
0 3 0 4 0 1 4 3 2 0 0 0 0 4 0 0 3 0 0 3 3 0 0 0 0 0.11
48 0 27 39 36 46 28 0 41 33 11 0 0 14 34 27 0 0 40 0 31 5 37 21 16 0.7
4 16 12 10 0 9 19 7 0 2 1 0 0 3 0 18 0 1 0 1 11 10 0 6 12 0.45
0 2 8 0 18 1 0 0 0 6 10 1 0 7 0 0 0 1 3 0 0 0 3 6 1 0.23
0 0 1 0 1 6 0 0 3 0 0 0 0 3 0 3 0 0 1 0 0 3 0 0 3 0.09
10 5 6 0 6 6 10 4 0 4 2 0 2 1 0 6 1 0 4 0 0 0 3 8 1 0.31
0 0 0 0 2 0 2 0 0 2 0 0 0 0 4 0 0 3 2 2 0 3 1 3 0 0.09
11 0 1 0 0 0 6 14 0 3 0 11 1 2 1 0 11 0 0 0 3 0 2 15 3 0.28
0 41 38 37 50 41 33 60 0 0 2 35 0 15 133 2 41 0 4 36 33 0 30 0 44 0.63
4 0 3 0 0 3 0 0 0 0 0 0 0 0 3 3 1 0 1 0 0 0 3 0 0 0.08
0 3 0 1 0 0 0 0 3 0 0 0 0 0 3 0 0 0 0 3 0 0 6 0 3 0.08
0 2 0 0 2 5 14 0 14 2 24 1 0 4 5 2 2 1 2 3 1 11 3 11 0 0.34
0 0 10 5 0 0 11 0 0 9 0 15 4 0 1 3 8 10 0 1 12 9 0 0 6 0.38
7 0 9 3 17 0 2 6 5 3 9 0 1 2 3 0 8 0 3 0 1 7 7 9 0 0.38
5 6 3 3 14 17 0 10 0 0 2 13 1 0 5 1 1 1 0 24 1 1 12 22 9 0.43
9 3 2 6 9 6 1 0 2 6 0 0 0 0 10 1 11 3 5 2 0 0 0 0 2 0.3
7 0 1 2 0 1 4 1 2 16 9 6 0 2 0 1 7 0 0 2 0 3 1 0 4 0.25
34 41 0 0 0 0 0 24 48 7 35 17 98 43 32 8 0 22 33 0 0 0 32 31 0 0.58
5 2 3 1 2 0 0 7 0 5 0 1 2 1 6 7 3 0 0 1 3 1 9 3 0 0.24
0 0 0 14 0 3 0 34 0 0 35 3 0 35 34 19 0 0 0 38 0 40 41 28 31 0.46
1 0 0 0 0 0 3 0 1 3 0 3 4 1 0 0 0 1 0 0 1 0 2 3 0 0.09
0 34 0 3 109 0 0 0 12 32 34 45 73 67 0 27 18 45 0 0 13 41 93 33 0 0.61
5 6 12 7 10 4 3 5 1 2 3 1 22 3 10 3 2 7 2 7 1 0 1 0 2 0.41
0 0 2 24 0 11 0 0 10 39 35 0 40 39 34 43 0 44 17 35 55 11 15 14 13 0.68
0 6 3 0 3 5 0 0 1 0 0 0 1 7 0 0 17 0 0 3 0 0 4 11 14 0.25
0 5 0 0 0 0 2 0 0 5 2 2 0 0 0 0 2 0 2 0 2 0 0 3 0 0.09
5 0 10 1 10 0 2 4 2 14 7 0 0 5 1 2 2 12 9 6 0 4 9 0 0 0.39
3 11 0 1 13 8 1 1 7 5 0 13 3 1 1 5 0 12 2 1 7 0 3 4 1 0.37
0 2 6 1 10 0 9 2 0 2 5 2 5 12 12 0 5 4 2 5 10 24 0 0 5 0.42
0 2 0 0 2 0 1 3 0 0 3 6 2 0 3 5 1 1 0 2 4 3 0 0 0 0.15
0 2 1 0 2 4 0 4 0 6 6 0 3 0 2 0 0 4 0 4 3 3 0 0 1 0.17
17 35 16 32 30 0 0 2 54 89 0 23 16 36 36 17 1 13 0 52 15 0 0 0 30 0.65
0 21 12 3 10 5 2 5 13 13 5 0 23 5 11 10 2 3 13 0 0 10 1 1 1 0.53
14 0 3 11 3 0 0 9 5 0 2 22 3 2 0 1 10 1 10 10 2 4 24 0 1 0.42
0 38 0 0 35 6 0 133 0 41 19 0 28 9 75 0 40 0 0 10 0 2 0 16 47 0.5
6 0 0 0 5 0 3 0 0 0 0 0 3 0 0 1 5 0 0 0 0 0 0 0 0 0.09
0 9 1 7 10 1 3 0 0 0 7 3 2 2 0 7 0 7 7 0 0 0 3 0 0 0.27
18 51 0 38 43 0 32 15 110 31 41 25 9 1 26 0 0 0 0 0 0 14 11 0 0 0.56
0 0 0 8 13 0 9 11 0 6 0 7 0 0 1 9 1 0 9 4 3 5 0 0 0 0.32
7 8 0 0 2 1 9 24 1 2 6 23 3 18 0 2 21 1 2 8 3 4 11 2 1 0.44
9 0 1 3 3 6 3 5 3 3 1 10 1 0 0 1 4 2 0 3 0 13 6 10 7 0.36
0 0 3 0 0 0 4 0 0 0 2 6 3 6 0 0 0 0 0 0 0 0 0 4 0 0.11
0 19 0 0 12 3 0 0 0 1 8 7 0 3 0 0 0 0 13 13 7 1 0 2 1 0.29
0 4 5 3 3 6 8 1 0 14 0 13 3 6 1 6 0 9 7 5 7 0 0 0 3 0.38
0 1 0 2 0 0 3 0 2 0 3 4 0 3 1 0 0 3 5 0 3 0 0 0 0 0.12
13 6 14 5 1 0 5 6 0 1 1 6 2 0 2 10 1 5 3 3 0 4 6 7 6 0.39
22 2 2 0 0 0 14 3 0 6 0 0 0 0 8 2 9 0 3 6 0 0 2 10 3 0.3
6 0 14 0 13 1 14 0 5 1 2 1 18 7 3 0 14 3 0 0 11 4 9 2 0 0.41
3 0 3 0 0 4 0 0 5 5 3 1 0 0 0 0 1 0 0 4 0 4 0 3 0 0.14
3 14 0 11 10 0 0 9 6 0 3 0 0 0 0 4 1 1 12 0 17 1 0 18 8 0.38
10 2 0 5 5 0 1 0 3 3 8 3 10 1 7 12 0 0 6 2 0 0 7 5 17 0.39
7 0 0 1 3 12 7 0 3 8 6 4 0 5 2 0 0 5 11 22 7 7 7 4 1 0.42
1 3 6 7 1 0 0 6 0 1 9 0 24 3 3 12 3 10 4 6 1 0 1 4 0 0.35
0 0 11 3 5 8 21 0 2 6 13 6 9 13 2 4 0 2 0 0 5 0 1 10 7 0.43
7 0 0 0 0 0 2 17 0 7 0 18 0 0 1 7 6 3 19 13 19 0 0 1 1 0.33
14 10 6 0 1 1 0 6 8 8 0 3 0 0 13 6 0 18 0 2 0 0 3 0 4 0.35
10 8 0 2 8 2 14 0 8 2 2 0 19 3 5 1 3 2 0 0 10 12 1 6 9 0.44
0 1 1 0 0 0 0 0 4 0 0 0 3 0 0 0 6 0 4 0 0 0 4 0 0 0.09
0 0 0 6 5 0 0 1 1 2 0 0 2 0 6 2 0 2 1 2 0 2 0 1 0 0.13
16 0 10 1 1 1 0 1 6 0 2 3 13 4 1 24 1 0 3 0 0 0 2 10 1 0.3
3 0 0 38 13 0 15 42 11 5 60 25 10 0 39 43 0 32 34 50 56 0 10 0 27 0.67
10 0 6 8 0 0 0 0 0 0 0 0 0 5 6 6 0 2 10 0 0 3 14 2 7 0.3
0 0 5 0 0 4 0 1 0 0 3 2 0 0 2 4 1 0 0 0 1 3 3 2 0 0.12
32 0 0 27 36 0 37 38 23 29 24 0 0 9 108 0 30 42 29 34 36 0 3 39 24 0.68
8 16 2 5 3 2 0 1 2 5 4 3 10 0 7 4 7 0 13 10 1 5 0 2 0 0.4
0 6 2 0 3 17 4 5 6 21 3 1 2 0 6 3 1 0 3 0 13 0 2 9 2 0.35
0 33 0 41 0 0 39 37 22 0 0 32 0 14 10 7 0 50 48 27 40 45 44 0 0 0.58
8 4 1 1 11 0 0 2 3 2 5 0 0 12 11 0 1 4 5 20 1 1 7 4 9 0.39
0 0 0 6 3 0 0 0 1 0 0 6 11 8 7 4 0 3 4 5 0 1 0 11 2 0.28
0 2 19 1 0 0 0 0 4 2 0 1 2 20 4 8 6 16 6 0 17 7 0 0 7 0.35
35 32 19 40 32 0 34 0 0 47 45 30 51 0 24 0 91 3 0 11 0 16 0 137 1 0.61
16 37 27 39 34 42 44 0 20 55 46 0 20 2 0 0 31 0 0 21 4 43 41 0 0 0.62
3 1 0 2 1 1 0 5 1 0 1 0 0 0 2 2 4 0 3 0 0 2 0 2 3 0.13
0 0 0 8 5 3 0 3 4 0 5 0 7 0 1 0 0 5 12 10 19 0 0 1 0 0.28
9 4 13 1 0 5 2 0 6 2 0 0 0 0 0 2 0 4 11 0 5 6 9 0 3 0.31
68 32 27 0 7 0 38 49 32 0 0 0 0 50 0 0 75 32 26 24 35 0 37 40 0 0.58
1 1 0 3 1 0 3 0 0 0 0 1 0 0 4 0 0 0 3 4 3 0 0 1 0 0.1
0 29 131 35 0 7 0 0 0 0 0 33 38 29 0 0 39 0 0 5 47 52 0 40 20 0.48
0 0 0 0 0 1 6 9 11 11 7 0 7 0 2 0 2 0 0 0 8 0 0 0 0 0.24
0 31 39 49 30 0 0 0 46 7 20 0 0 41 31 13 1 17 0 50 0 7 97 57 0 0.57
1 3 0 0 3 0 0 0 0 0 4 0 1 5 0 6 6 0 4 0 2 4 4 1 0 0.17
0 0 0 1 0 0 0 0 1 3 0 0 2 4 0 0 0 3 0 2 2 0 5 0 0 0.09
9 0 9 3 24 1 12 0 1 5 3 0 8 1 0 3 0 3 2 0 2 1 3 2 0 0.3
2 13 1 0 0 0 3 7 0 0 0 0 3 0 0 1 9 4 0 3 4 17 0 0 7 0.25
0 15 21 0 34 41 0 31 17 36 97 47 48 0 13 111 0 8 0 40 0 0 23 0 10 0.63
23 42 0 41 0 0 34 15 48 0 0 0 0 0 33 31 35 27 13 35 39 6 1 0 0 0.54
22 0 0 11 3 2 0 0 0 3 1 1 3 2 1 10 6 1 1 0 1 9 5 13 10 0.35
7 6 7 0 21 4 0 13 0 13 2 10 2 1 0 3 3 17 5 2 22 0 0 2 3 0.42
0 4 3 4 5 5 0 1 1 0 1 0 18 10 0 3 0 12 1 2 1 1 5 2 0 0.27
2 0 2 1 6 2 0 2 6 1 13 0 0 3 0 0 1 0 1 19 0 0 1 13 10 0.27
11 10 5 4 0 2 17 0 0 4 2 16 9 12 0 0 1 0 15 0 10 3 0 7 0 0.42
38 11 18 0 39 0 40 39 68 36 8 0 44 0 0 26 3 25 0 0 37 75 47 0 0 0.6
2 0 0 7 0 18 1 3 2 8 0 8 0 0 2 0 0 1 3 4 14 3 0 4 9 0.3
0 36 29 0 0 19 82 26 43 0 19 8 36 0 0 0 0 34 0 0 0 38 31 0 0 0.47
1 33 0 104 27 0 27 0 0 11 114 6 34 20 8 97 1 0 0 0 0 0 14 0 35 0.5
0 31 0 10 10 63 0 0 2 46 16 0 0 35 0 17 35 44 0 13 119 0 0 0 0 0.48
0 0 0 0 0 1 0 2 1 4 0 2 0 0 0 2 1 0 1 0 0 0 3 0 0 0.06
18 0 3 3 14 1 0 0 0 13 0 0 2 0 0 2 4 0 19 8 2 0 2 18 0 0.3
10 150 66 46 0 0 0 33 0 11 33 18 0 0 0 47 39 31 0 31 0 0 39 40 38 0.6
0 0 37 35 38 58 38 1 0 36 0 0 0 26 0 36 0 40 0 11 13 87 0 0 136 0.52
23 28 39 0 0 5 0 5 0 33 0 6 41 24 36 0 0 11 14 4 6 35 39 11 0 0.58
1 17 8 4 0 6 0 0 0 0 0 13 1 12 11 0 0 2 0 0 12 19 3 14 5 0.4
0 0 10 10 1 11 0 13 7 4 0 0 19 0 0 0 12 6 19 8 0 0 1 3 5 0.42
7 0 0 0 0 0 1 0 2 13 4 0 0 0 14 0 3 6 6 14 3 0 1 1 7 0.28
32 11 39 0 31 0 46 51 0 33 37 26 5 0 111 16 0 0 53 2 29 35 0 0 37 0.62
0 2 0 0 0 2 0 2 0 0 0 3 0 0 1 0 2 2 0 2 0 0 4 1 0 0.08
34 0 49 0 38 0 24 24 0 0 50 35 0 0 38 60 15 43 0 39 81 28 82 2 0 0.6
2 1 0 0 2 8 1 11 5 7 0 6 0 0 0 4 2 11 5 0 3 14 3 0 0 0.31
2 0 0 0 0 0 5 4 0 0 2 0 1 0 1 0 3 0 6 1 3 5 0 3 5 0.16
15 28 0 2 28 58 77 50 6 0 0 0 32 37 32 0 35 39 0 9 48 37 56 0 4 0.64
5 3 0 0 0 0 0 0 2 0 0 0 0 2 0 0 0 0 0 0 0 0 0 1 0 0.05
13 5 0 9 11 0 0 1 6 0 0 0 0 2 5 10 11 15 10 0 14 0 0 0 0 0.39
1 16 8 0 11 6 19 0 12 12 0 3 0 0 11 1 0 0 0 0 2 6 0 0 0 0.34
0 3 2 0 3 0 0 0 0 0 0 0 3 1 0 6 0 0 2 0 3 3 4 0 0 0.12
0 0 0 1 0 0 0 12 4 16 6 0 5 0 0 12 0 13 0 12 0 0 10 7 0 0.33
7 22 0 1 8 0 5 14 0 5 1 20 10 0 4 5 1 0 12 1 16 6 7 3 5 0.47
32 0 25 0 0 0 0 10 33 25 20 38 0 24 10 35 0 31 0 0 36 0 39 30 36 0.6
2 8 0 1 1 8 2 0 0 0 5 0 2 6 0 0 2 2 4 0 9 0 3 2 3 0.24
11 0 7 0 0 0 1 1 1 11 2 9 16 9 0 2 0 10 9 1 1 2 0 8 2 0.38
0 10 7 0 1 4 3 4 0 0 7 6 0 3 2 12 3 4 0 0 0 0 8 0 9 0.32
0 2 2 0 4 0 0 3 0 1 0 1 0 0 0 0 0 0 0 0 0 0 0 0 2 0.06
0 2 19 8 18 7 4 10 14 0 7 8 10 10 0 1 0 0 7 2 3 0 5 5 2 0.48
11 1 21 4 5 17 0 0 9 3 3 2 0 0 5 0 2 0 1 5 1 14 7 0 0 0.35
0 0 0 4 0 0 1 5 0 0 0 0 0 0 0 0 0 0 0 0 0 1 0 0 0 0.04
4 0 21 12 0 1 1 23 5 4 0 4 6 0 0 9 4 17 9 2 3 0 0 0 6 0.39
2 10 1 2 4 5 0 0 10 0 0 0 0 16 0 5 2 8 8 3 3 6 3 14 6 0.39
5 0 0 0 0 3 1 0 0 0 3 0 0 11 13 19 2 9 0 2 6 0 0 0 0 0.24
1 0 0 0 0 2 0 0 0 0 1 0 2 5 0 5 0 3 2 2 2 1 2 0 2 0.12
3 6 2 0 2 0 0 6 1 11 0 0 0 5 2 0 5 16 7 2 0 2 19 0 11 0.33
0 3 0 8 0 0 2 0 2 2 0 2 10 8 0 11 12 2 2 3 6 6 0 1 1 0.31
0 0 0 5 3 0 0 6 0 3 0 0 3 2 1 0 4 2 0 0 2 3 2 0 3 0.15
2 0 0 1 15 0 9 8 0 8 9 0 0 0 19 0 0 0 0 3 2 0 2 9 0 0.29
0 0 4 0 0 4 2 0 1 0 3 3 0 0 0 0 3 4 2 1 4 6 0 3 2 0.16
1 3 1 0 0 0 6 0 0 12 0 4 0 0 3 4 4 0 1 0 0 23 17 0 0 0.22
3 12 5 3 1 2 0 23 0 17 12 6 10 4 13 13 0 2 22 2 9 0 4 5 7 0.53
1 0 6 0 0 3 0 1 0 0 3 0 0 1 3 0 0 0 0 0 1 0 3 0 0 0.08
0 1 1 0 4 1 4 0 6 3 6 0 0 4 0 1 0 0 4 0 3 1 0 0 4 0.17
21 0 44 0 22 41 15 37 0 15 52 0 46 0 0 0 0 0 0 16 0 5 0 35 1 0.46
12 4 4 0 0 5 2 2 9 22 7 2 20 1 8 6 0 0 2 0 0 3 11 9 0 0.41
7 0 0 0 0 0 2 0 18 3 0 0 8 14 5 0 11 0 0 0 5 6 0 1 4 0.28
26 59 34 8 0 24 36 0 0 0 3 0 39 40 0 11 0 25 31 0 1 0 0 38 0 0.48
8 4 7 2 4 2 10 0 2 6 4 1 7 14 3 2 11 3 4 1 0 0 3 10 3 0.42
5 7 9 1 0 7 3 8 14 4 2 0 0 0 3 14 0 3 9 0 2 2 0 1 7 0.37
0 33 0 19 16 0 36 0 37 39 23 0 33 16 0 14 31 0 21 29 0 0 0 59 0 0.56
4 0 11 6 3 9 2 4 0 0 10 7 0 3 4 0 0 8 7 6 0 0 3 7 3 0.38
2 6 6 0 4 2 0 1 1 2 0 0 0 3 3 1 3 0 0 0 0 0 0 6 1 0.16
6 0 0 2 0 0 0 1 0 0 1 0 0 0 0 0 3 4 1 3 0 5 3 0 2 0.12
0 2 13 2 0 0 3 4 11 0 5 8 0 5 2 8 10 0 14 0 14 13 4 6 11 0.47
3 0 7 0 0 14 1 0 14 4 0 11 0 0 7 2 0 0 3 8 0 6 2 1 0 0.29
29 0 0 18 14 0 28 0 2 114 0 21 0 0 0 38 0 33 0 0 134 2 0 6 0 0.39
10 0 1 8 0 0 0 0 10 6 0 0 0 1 4 4 10 1 12 7 9 0 1 14 0 0.36
14 0 3 0 0 5 0 0 18 8 0 6 10 0 0 7 0 0 0 14 0 1 0 0 11 0.31
19 1 13 0 0 0 5 8 19 1 1 10 0 0 0 0 10 5 1 3 3 11 3 1 3 0.38
2 0 0 2 0 0 1 0 0 0 0 3 0 3 0 0 0 0 0 0 3 0 0 0 0 0.05
3 2 2 6 3 3 3 1 10 0 8 8 4 6 0 0 0 4 20 6 1 0 0 2 1 0.33
8 2 5 0 0 2 2 8 13 0 3 0 0 1 6 3 0 16 6 0 0 3 5 0 17 0.33
0 6 3 0 0 0 2 3 0 0 2 0 0 0 2 0 2 0 0 0 1 0 1 0 2 0.09
2 55 39 130 28 0 35 44 0 137 22 48 0 0 0 0 0 0 0 0 26 0 44 30 0 0.48
0 0 1 0 0 4 0 4 2 0 0 0 0 0 1 0 0 0 0 0 0 3 0 0 3 0.07
13 0 33 137 37 0 0 0 25 33 14 40 0 40 1 32 36 0 2 0 45 47 0 0 0 0.53
6 13 1 7 0 9 9 14 1 0 0 8 0 6 2 8 9 4 9 9 4 3 1 4 2 0.48
0 0 1 3 6 0 0 1 0 0 0 0 0 0 3 0 3 0 0 2 5 0 0 0 0 0.09
0 0 0 3 0 1 2 2 0 3 0 0 3 0 0 2 0 1 4 3 2 0 2 2 1 0.12
0 10 0 0 3 0 0 0 0 0 50 0 0 30 0 27 16 0 40 26 41 0 0 30 37 0.41
9 16 6 12 1 1 0 3 5 2 9 0 9 5 16 5 6 3 7 18 4 0 1 0 14 0.5
0 10 7 1 2 1 7 7 10 1 8 3 8 3 1 3 4 2 2 10 7 9 0 7 0 0.45
13 0 0 7 0 0 0 2 0 8 16 17 7 11 5 9 3 1 0 1 2 2 0 1 6 0.37
10 17 0 15 0 7 5 2 0 0 5 14 5 0 11 0 8 10 2 1 0 2 6 0 0 0.41
38 0 46 48 46 3 0 56 0 0 0 0 28 28 96 10 26 20 47 0 0 9 0 5 0 0.54
0 0 0 0 1 0 2 0 1 4 1 0 1 3 4 0 4 0 0 2 0 0 0 3 4 0.12
0 2 18 1 4 7 12 5 17 10 0 1 21 7 9 3 3 0 3 2 0 4 4 3 11 0.47
31 33 0 0 41 41 8 0 37 0 0 0 26 0 0 41 0 51 8 0 29 4 0 0 7 0.46
19 0 1 12 9 0 0 0 19 0 0 0 0 0 14 6 3 3 0 1 3 2 2 3 5 0.31
5 0 2 0 3 8 1 3 6 0 0 0 13 4 3 2 1 5 11 10 10 4 0 13 0 0.38
0 0 0 10 0 3 2 0 16 2 2 2 1 0 0 0 0 4 4 2 8 0 4 0 2 0.22
8 4 6 3 0 6 8 1 0 5 0 10 13 8 3 6 0 23 1 13 1 0 0 1 0 0.4
23 2 2 0 0 8 2 0 5 3 14 9 11 1 4 0 0 0 5 0 8 14 8 0 0 0.38
0 8 0 3 13 1 10 2 3 0 0 2 6 0 0 0 0 0 3 0 1 0 1 0 0 0.19
3 1 0 0 5 1 3 3 0 4 0 3 0 0 3 0 0 0 2 0 1 0 0 2 0 0.12
13 5 0 18 2 8 5 8 0 2 9 8 0 1 0 7 0 2 8 0 3 1 10 12 3 0.44
0 1 0 3 0 4 2 0 0 2 0 0 0 0 1 0 0 0 0 2 0 0 3 0 0 0.07
0 25 27 41 0 18 43 2 49 29 36 32 49 26 0 22 34 19 0 0 62 0 87 0 32 0.68
2 7 0 8 4 0 2 1 0 1 19 0 0 0 0 0 1 1 2 2 5 3 0 2 12 0.24
2 3 5 0 6 24 18 6 1 8 4 21 0 12 0 1 0 5 3 0 9 10 10 0 7 0.48
0 3 0 0 0 0 2 6 0 3 1 0 0 3 4 0 4 2 1 1 0 0 0 0 4 0.13
2 3 6 0 0 10 5 0 6 2 14 0 3 0 6 0 6 1 2 1 0 0 24 0 1 0.29
1 0 5 1 0 1 1 3 6 11 0 9 4 1 3 9 13 4 18 0 1 4 0 12 0 0.37
0 4 3 0 0 9 0 0 0 0 8 0 0 6 0 0 0 5 7 0 6 9 0 0 18 0.26
20 6 3 7 1 10 8 3 7 0 22 10 0 3 3 0 0 0 8 0 10 3 5 5 4 0.46
2 2 12 1 0 6 9 0 0 10 8 0 13 2 1 9 20 6 4 15 0 7 3 7 6 0.49
43 33 10 9 28 0 155 33 95 0 23 51 131 46 38 0 3 0 25 11 2 4 0 44 0 0.67
0 0 1 0 0 6 0 3 0 0 1 0 2 0 4 3 2 0 3 0 0 0 0 0 4 0.11
13 6 0 15 14 19 0 0 1 8 0 0 6 3 4 7 3 3 10 0 2 4 12 1 1 0.43
3 10 8 0 14 2 0 0 2 1 2 3 5 8 7 6 3 5 11 2 0 0 2 4 0 0.37
4 11 6 2 0 3 0 0 0 5 9 7 0 0 0 13 2 16 0 6 0 3 8 8 4 0.38
0 25 11 0 0 139 120 0 134 0 25 0 15 0 0 0 37 38 48 46 16 0 0 0 0 0.48
0 0 0 0 2 1 0 1 0 3 0 3 4 0 0 0 0 0 4 0 0 0 1 0 0 0.07
0 23 30 0 30 38 1 4 40 37 12 0 46 31 0 51 0 16 49 35 0 0 138 7 0 0.6
0 14 8 0 0 15 0 0 0 1 0 7 0 1 3 6 0 3 1 0 0 0 0 1 4 0.21
0 0 3 0 3 0 6 0 2 0 1 2 0 1 1 0 3 1 1 0 0 0 0 0 3 0.1
0 0 22 0 0 0 0 10 0 14 0 39 0 33 48 0 19 37 47 26 23 41 40 31 0 0.56
14 3 0 13 3 5 5 0 0 21 3 4 0 4 0 0 15 23 0 3 3 2 2 0 8 0.38
2 0 0 1 0 8 4 10 1 7 10 0 0 3 0 13 0 0 6 10 2 13 2 2 0 0.35
0 0 0 5 0 0 0 0 0 1 0 2 12 0 6 8 0 0 9 2 0 0 6 3 3 0.22
5 0 0 3 2 0 2 1 0 3 0 0 0 1 0 2 0 2 0 0 0 3 0 0 2 0.1
4 0 0 6 0 4 0 3 6 0 1 0 3 0 1 2 2 1 0 1 1 3 6 9 15 0.25
0 58 0 0 28 36 39 87 0 9 4 13 21 0 152 14 37 0 2 0 0 0 0 91 38 0.54
14 0 0 5 19 23 0 0 35 0 0 18 24 42 35 11 30 11 46 32 0 0 52 40 0 0.62
14 0 89 41 36 29 22 0 0 26 16 22 0 32 0 56 0 10 0 40 154 34 27 29 72 0.72
3 0 0 2 0 0 0 0 2 0 0 2 0 2 3 0 0 0 1 3 0 0 0 4 2 0.09
2 0 4 3 0 1 1 6 3 16 2 6 3 0 5 12 3 7 0 2 0 0 0 0 11 0.31
3 4 0 2 1 0 0 0 3 0 0 2 1 0 2 2 6 0 0 3 0 0 2 0 0 0.12
0 3 4 4 0 2 5 1 0 0 5 0 3 4 0 5 1 0 0 0 0 3 0 2 0 0.16
27 31 5 0 3 0 0 49 0 0 0 41 40 0 19 24 8 27 18 0 100 21 26 30 0 0.58
0 1 0 4 2 0 0 4 2 2 0 3 0 3 1 5 2 2 3 1 2 1 0 6 1 0.18
17 6 3 13 6 0 3 0 5 5 5 0 1 0 0 0 3 19 0 2 4 6 5 5 1 0.36
23 35 0 35 32 0 46 37 37 0 119 31 0 0 35 0 5 0 15 46 33 22 0 37 0 0.62
10 5 0 0 1 0 4 15 5 3 0 0 8 10 7 0 10 1 3 3 2 0 2 0 7 0.36
4 8 8 8 0 8 2 2 0 10 6 19 4 1 0 0 0 0 14 0 8 0 0 2 1 0.36
0 1 0 0 2 1 0 0 2 3 0 0 0 0 0 1 0 4 0 0 0 6 0 0 0 0.08
4 1 1 0 0 4 1 0 0 2 3 0 0 2 4 0 0 2 0 0 3 2 0 0 0 0.11
9 0 0 2 18 0 10 4 7 0 11 10 0 2 4 4 0 19 0 9 18 0 11 0 12 0.48
37 0 7 0 50 138 11 50 0 38 0 4 36 25 37 9 0 0 37 88 0 0 0 3 9 0.56
0 4 0 0 0 8 0 4 0 0 0 0 2 3 0 1 0 3 0 0 1 7 6 3 0 0.16
0 0 0 42 36 22 0 12 30 38 0 48 18 2 0 0 0 55 0 22 19 23 0 0 13 0.52
7 7 21 3 3 1 4 5 6 3 2 7 2 0 8 1 3 17 9 3 1 0 0 0 11 0.42
53 37 0 40 14 0 49 0 0 7 0 31 31 0 0 15 0 46 0 38 0 14 0 0 37 0.5
0 0 0 0 10 3 2 0 3 1 1 0 1 8 0 0 2 7 0 9 0 3 8 3 2 0.25
0 5 0 1 3 2 12 3 8 0 10 0 3 9 0 3 10 9 0 8 0 0 2 8 0 0.37
0 0 110 0 0 50 42 0 0 0 33 0 33 34 0 0 0 0 30 9 0 0 21 0 6 0.38
10 11 9 0 0 0 3 6 1 0 0 15 0 0 0 11 0 10 16 1 5 5 19 0 0 0.4
13 9 9 0 5 2 2 1 2 0 0 19 3 1 15 0 0 17 1 2 2 0 0 0 3 0.32
0 4 0 5 0 1 0 0 0 4 0 2 0 0 4 6 0 0 4 0 1 1 0 0 1 0.13
0 33 26 0 38 28 44 0 0 5 0 36 33 36 34 44 39 29 39 4 158 0 0 0 21 0.63
4 0 0 6 0 5 5 0 4 0 0 6 2 1 0 0 0 0 0 1 0 0 0 0 2 0.14
4 4 0 0 0 4 3 1 6 0 3 2 3 0 3 0 0 0 2 0 1 0 1 0 0 0.14
10 0 0 3 7 10 0 3 0 5 13 2 8 6 6 12 8 1 0 0 0 12 0 1 1 0.4
0 0 2 17 2 3 6 4 10 2 10 11 4 22 1 7 6 0 0 2 9 4 8 0 9 0.47
3 0 0 2 2 0 3 1 0 0 0 0 0 1 0 0 4 0 0 4 0 0 3 0 0 0.09
0 20 51 0 0 42 31 45 35 34 0 11 0 0 0 4 0 0 0 0 3 0 51 0 31 0.42
11 44 39 7 35 25 0 2 31 0 0 44 29 40 7 18 0 11 0 23 0 0 1 38 2 0.59
3 5 0 3 4 19 1 10 0 1 0 1 2 12 0 2 2 0 8 1 22 23 12 17 6 0.43
6 0 0 2 0 6 0 4 0 1 3 4 2 2 0 5 0 2 0 0 0 0 2 0 3 0.16
0 0 18 1 8 9 8 1 1 0 0 0 6 2 0 1 0 0 6 6 12 15 1 1 0 0.32
0 0 0 9 0 37 0 41 13 0 31 0 0 35 37 0 0 0 41 0 16 0 40 0 50 0.43
0 2 0 1 0 6 0 1 4 0 2 3 0 0 0 0 0 0 0 2 3 0 3 0 0 0.1
0 0 0 38 0 39 50 40 46 0 100 0 28 0 0 0 48 0 37 53 13 41 37 0 37 0.56
10 0 7 7 12 0 0 16 3 0 5 0 6 1 7 13 2 3 3 15 0 6 2 0 5 0.42
0 4 5 0 0 5 0 0 0 0 0 9 14 3 5 0 0 10 18 2 4 0 0 0 1 0.27
0 7 11 3 7 0 7 0 10 0 13 4 3 0 0 3 0 0 0 0 0 10 0 0 0 0.29
0 0 3 6 3 7 6 4 1 0 0 0 0 0 7 9 3 6 4 15 2 14 0 9 4 0.37
2 0 1 0 0 0 5 5 0 0 9 4 3 0 0 3 1 6 0 0 1 7 0 0 3 0.2
17 15 0 2 5 0 2 1 5 5 5 0 6 1 0 1 3 3 4 2 13 2 1 0 1 0.31
0 0 0 0 0 0 0 0 3 0 0 0 0 0 1 1 0 0 0 0 0 0 0 0 0 0.02
0 3 1 4 0 0 0 0 0 0 6 0 0 0 1 0 3 0 2 0 0 0 3 0 2 0.1
6 7 9 1 12 14 2 4 4 0 0 11 12 16 0 19 2 2 5 18 10 0 2 2 1 0.5
12 5 3 0 10 13 11 6 4 0 10 0 22 0 2 3 1 8 4 5 1 3 2 21 0 0.46
16 34 34 32 33 39 36 0 6 0 51 15 0 32 33 0 17 0 0 0 41 0 60 35 38 0.66
3 0 0 3 0 0 0 0 2 2 1 1 0 0 0 1 1 2 0 0 0 4 0 0 0 0.08
5 10 1 0 1 4 1 0 2 0 8 2 8 9 12 0 17 0 0 2 13 2 2 3 11 0.4
1 7 3 3 9 11 2 0 1 11 19 0 0 3 0 1 3 4 4 10 0 0 10 0 12 0.4
6 0 6 0 1 0 0 14 0 0 1 7 13 0 0 0 6 0 7 8 8 9 0 2 3 0.33
0 0 0 0 0 0 0 160 0 60 0 22 31 0 15 0 29 0 45 40 0 0 20 0 45 0.4
150 37 26 34 0 58 37 9 37 0 18 27 0 0 32 0 18 45 0 0 34 0 14 0 0 0.59
0 1 0 1 3 0 0 0 0 0 4 2 4 2 0 0 2 0 0 0 4 0 0 2 0 0.1
0 0 0 0 0 0 4 0 3 0 6 0 0 0 0 0 2 1 0 6 0 1 3 0 0 0.1
1 0 0 0 2 2 2 0 0 6 3 4 0 0 0 3 5 5 0 1 0 1 4 0 3 0.16
4 0 0 0 18 3 7 0 6 7 0 6 3 1 1 9 5 17 3 0 6 9 7 13 0 0.42
3 0 15 2 3 10 1 2 1 3 9 7 0 14 3 7 3 4 5 8 0 2 2 0 6 0.4
0 0 39 23 11 37 6 104 35 0 0 6 41 76 4 9 32 65 0 0 32 34 10 32 32 0.7
0 12 0 0 3 0 2 3 0 1 0 16 2 9 13 10 1 0 19 8 7 1 9 0 0 0.38
0 0 4 3 3 0 4 1 2 2 2 2 4 0 0 0 0 0 0 0 0 3 2 2 3 0.14
27 5 52 47 0 39 0 0 0 0 0 35 37 48 37 35 35 34 34 40 0 7 41 36 36 0.68
0 1 2 2 3 3 2 1 0 1 2 0 0 0 0 0 2 0 0 0 0 0 0 4 6 0.11
9 17 0 9 1 1 5 18 0 0 0 14 7 0 2 3 0 3 10 7 0 1 6 2 0 0.38
0 0 5 4 0 3 0 3 3 2 0 0 2 3 4 2 1 0 4 0 0 0 0 0 3 0.15
0 5 23 12 1 17 1 15 2 4 6 2 5 0 3 8 0 0 3 11 6 11 9 4 10 0.51
3 0 0 6 0 0 0 0 10 3 10 0 0 3 5 4 8 0 24 4 0 11 0 22 8 0.37
13 3 2 10 19 1 4 9 3 0 20 0 2 23 10 2 0 6 0 16 3 1 7 0 1 0.45
20 0 41 0 33 31 53 40 41 33 0 22 45 14 18 34 2 0 43 0 0 34 0 3 0 0.62
33 19 36 0 18 36 35 0 0 32 32 3 0 2 41 49 0 0 15 0 19 2 123 0 0 0.54
42 22 0 36 47 0 13 155 0 34 0 31 49 32 3 59 2 1 0 140 39 0 0 0 4 0.56
0 5 0 0 1 0 0 16 0 0 11 5 13 11 0 5 9 0 0 5 3 7 6 3 0 0.35
9 13 1 0 0 3 0 0 3 7 3 1 0 10 0 2 17 0 2 10 11 6 1 1 8 0.38
0 0 35 0 0 2 0 40 0 24 52 38 40 0 18 0 32 26 19 0 0 0 0 31 0 0.44
39 0 26 5 0 0 0 13 46 0 0 0 24 39 0 15 0 0 30 47 14 0 40 0 27 0.5
39 39 0 35 0 0 4 49 24 0 0 22 46 40 41 0 10 0 0 0 0 31 39 0 63 0.53
4 0 2 7 2 3 7 2 2 8 1 1 0 0 6 8 1 5 3 1 2 1 2 0 1 0.27
0 3 0 0 0 0 0 0 0 3 0 5 0 1 4 1 0 3 0 0 2 0 0 0 3 0.1
0 1 0 1 0 1 0 1 0 5 0 1 0 3 0 0 0 0 2 2 0 2 1 6 0 0.1
0 8 8 7 10 2 2 15 0 3 0 13 7 0 0 6 0 4 0 4 0 0 0 0 0 0.32
2 4 0 2 10 12 4 6 5 15 0 17 1 3 0 5 1 7 11 1 8 0 0 10 5 0.45
0 0 0 11 3 0 0 6 7 0 0 3 0 0 8 0 0 3 3 0 0 0 10 10 3 0.26
2 0 10 0 0 0 6 6 0 0 2 0 4 1 1 0 0 0 6 0 0 14 5 0 0 0.21
0 16 0 0 4 13 7 0 6 2 0 10 14 2 4 0 3 14 14 2 3 0 0 8 8 0.43
19 0 3 2 9 11 0 4 6 6 1 0 4 10 15 12 7 0 7 0 0 0 4 3 6 0.44
41 60 0 38 60 0 0 3 56 11 0 8 40 0 41 42 0 0 0 0 7 0 0 0 41 0.47
3 0 11 9 5 0 14 0 15 3 6 13 0 14 18 3 0 2 0 3 0 0 0 4 0 0.39
0 24 38 14 158 47 0 0 0 12 0 0 34 0 43 47 0 0 0 0 0 0 43 0 91 0.44
0 1 0 16 0 0 10 3 6 1 13 6 7 4 12 0 3 0 0 10 0 9 1 1 0 0.36
1 12 15 3 14 0 1 12 0 2 13 15 3 0 12 0 9 0 10 0 0 7 0 0 10 0.46
0 0 2 4 2 0 5 0 3 2 5 0 3 4 0 3 4 0 0 0 3 0 0 0 3 0.17
3 0 3 0 0 0 3 2 0 0 0 2 0 0 0 0 0 0 0 1 0 6 0 5 3 0.11
0 36 39 31 15 0 93 0 32 51 0 32 35 4 23 0 21 121 27 0 41 31 14 0 33 0.69
2 2 1 0 0 0 2 0 3 0 2 2 1 0 8 3 0 3 0 5 0 1 10 1 2 0.19
0 36 32 17 36 46 48 3 0 25 0 9 17 0 1 47 45 0 0 0 35 0 0 59 5 0.55
10 0 1 0 9 0 0 3 2 0 3 19 8 3 5 3 8 10 0 12 0 14 7 3 0 0.42
0 0 2 0 0 0 2 0 0 0 0 3 4 2 0 2 0 2 0 2 0 4 0 0 2 0.1
26 0 46 40 0 5 37 4 35 14 0 41 18 40 46 0 36 40 19 63 157 7 0 55 6 0.72
0 5 0 1 9 0 1 1 1 6 6 13 4 4 1 1 13 7 0 10 3 6 14 6 1 0.41
0 6 16 0 47 29 0 0 40 0 0 28 10 0 51 37 44 0 6 0 55 0 32 16 32 0.56
3 1 0 0 0 2 0 2 0 0 3 0 2 0 0 3 0 0 4 4 0 0 0 1 0 0.1
0 0 0 0 0 4 0 3 5 1 2 0 1 2 0 1 5 0 0 3 0 3 4 2 3 0.15
4 2 2 3 9 3 3 5 3 15 0 14 8 0 9 14 17 10 9 1 10 2 0 14 0 0.53
0 1 0 2 0 0 0 0 0 0 0 0 0 0 0 2 0 3 0 0 0 0 2 0 1 0.04
3 0 0 0 2 0 2 0 1 3 3 3 1 0 0 0 0 2 3 0 0 0 2 0 1 0.1
0 0 0 1 0 0 0 1 1 0 1 4 4 0 0 0 0 0 0 0 0 0 0 0 2 0.05
3 0 4 3 0 0 2 0 5 0 0 0 0 1 2 0 3 0 1 3 0 3 1 0 0 0.12
43 137 9 37 42 0 44 0 0 48 16 36 35 41 0 0 44 38 21 0 1 0 38 0 7 0.62
10 1 2 1 0 0 3 4 10 23 8 0 2 7 23 11 12 2 5 14 2 6 0 2 0 0.45
2 4 0 0 0 1 5 3 2 0 1 0 0 0 0 0 0 0 0 0 0 0 0 0 0 0.07
0 0 9 0 14 7 0 0 1 0 0 4 2 0 1 10 0 0 2 10 0 8 0 8 0 0.28
129 0 88 0 0 34 18 0 0 0 0 33 19 48 34 45 0 33 20 0 19 36 54 28 0 0.6
1 0 2 0 0 6 2 12 2 14 0 3 9 3 0 0 2 8 1 0 0 0 1 0 7 0.26
0 0 34 0 20 12 6 0 40 0 11 0 10 51 7 0 42 35 56 0 0 0 31 0 0 0.49
0 0 0 3 0 14 0 0 0 5 6 0 2 4 2 0 2 0 10 2 21 2 3 7 13 0.31
0 0 6 0 0 0 0 4 0 0 0 0 0 2 0 2 0 0 3 0 0 0 0 0 1 0.07
4 4 6 6 2 4 0 2 2 9 4 1 4 9 11 12 0 0 3 0 10 10 9 0 0 0.43
0 0 0 0 0 0 0 0 1 6 0 0 0 0 0 0 2 0 0 0 0 2 1 4 0 0.06
0 0 0 0 4 1 1 1 0 0 0 1 0 0 0 3 0 0 0 0 6 0 2 0 0 0.07
4 0 0 0 0 0 0 2 0 0 4 3 2 3 1 2 2 0 3 0 0 0 0 3 0 0.11
2 3 3 1 5 3 0 0 0 0 0 0 0 2 0 0 0 0 0 0 0 1 4 0 1 0.1
24 12 2 10 0 9 0 11 9 0 0 6 10 9 0 0 2 7 1 0 6 3 0 6 0 0.43
8 7 2 3 3 4 8 4 8 0 3 1 0 2 9 4 3 8 0 1 0 3 10 2 1 0.37
0 0 0 0 41 60 0 60 50 66 31 0 136 34 4 32 118 0 0 0 3 14 44 35 0 0.54
40 0 51 2 141 0 41 7 0 49 31 0 43 61 20 23 0 1 0 29 0 0 35 18 94 0.6
45 14 0 0 11 18 0 0 0 0 0 44 0 52 0 0 0 34 0 0 0 0 0 0 0 0.28
0 0 40 33 0 0 17 35 35 3 121 30 0 32 13 67 35 42 117 8 5 0 41 0 0 0.62
0 4 3 8 0 3 0 1 0 2 0 18 5 21 0 0 14 3 8 0 1 6 0 12 8 0.36
4 8 0 3 2 15 3 2 0 1 0 2 0 7 1 15 9 0 4 0 0 11 0 4 9 0.35
41 15 33 59 26 3 43 56 0 13 17 4 0 33 17 31 35 0 39 132 33 36 0 59 0 0.74
0 0 3 0 6 0 0 0 3 4 0 5 0 0 4 0 3 2 0 0 0 4 0 0 0 0.13
0 0 2 1 12 4 7 7 1 0 1 10 0 10 0 0 2 0 6 1 0 16 0 3 3 0.31
0 4 0 0 3 0 4 0 5 0 6 0 0 0 1 0 2 1 0 0 0 0 2 0 0 0.11
0 76 39 25 54 0 0 0 19 0 52 35 34 0 3 0 59 0 0 33 38 0 0 45 14 0.53
22 10 0 8 3 21 22 3 5 5 9 1 1 20 3 2 0 6 3 0 3 2 2 3 0 0.43
0 0 0 0 2 0 0 6 0 3 5 0 2 5 2 0 0 6 0 0 0 0 0 0 0 0.12
1 0 0 0 2 0 3 5 0 0 0 0 1 0 5 2 2 0 0 1 0 2 0 0 2 0.1
14 15 10 0 6 12 4 0 0 6 6 4 9 14 0 0 1 0 0 8 0 2 7 0 8 0.44
0 12 0 5 0 7 1 0 7 0 0 0 9 10 3 0 1 13 12 10 0 13 2 5 1 0.4
4 0 0 4 0 0 1 0 3 3 2 0 0 0 1 0 1 0 3 2 0 0 0 2 0 0.1
37 26 49 41 23 0 0 2 37 31 0 11 51 0 54 0 36 136 23 34 102 0 0 13 35 0.68
0 0 33 4 41 0 0 0 34 0 27 0 12 0 0 48 0 0 39 11 39 0 0 0 0 0.37
5 1 0 11 12 7 8 3 1 0 2 1 3 0 3 11 3 8 0 9 0 0 3 14 14 0.42
0 3 0 0 8 18 7 2 0 2 1 8 0 0 6 0 2 2 0 5 3 0 0 3 0 0.24
2 1 5 0 4 0 5 1 0 0 13 0 20 8 1 0 7 13 4 0 3 3 0 8 0 0.32
2 0 0 3 1 0 0 0 0 12 0 0 13 0 0 0 10 3 12 3 0 0 0 17 5 0.26
0 24 0 23 41 39 33 60 35 11 47 0 0 0 0 13 0 0 0 17 46 0 12 0 0 0.52
0 0 0 1 2 5 3 0 0 3 1 3 0 3 0 1 0 0 0 0 0 0 0 0 1 0.09
1 0 0 3 2 4 0 0 0 0 4 4 0 0 1 4 0 0 0 0 3 4 2 0 0 0.12
0 0 6 0 4 2 0 0 0 1 0 0 1 2 2 1 2 0 3 1 3 2 0 0 1 0.12
0 0 4 0 3 4 7 12 4 1 23 1 6 0 4 1 0 14 1 0 15 2 20 23 0 0.39
0 2 1 1 1 8 24 0 4 0 3 4 2 20 0 0 9 1 23 10 0 0 6 11 4 0.38
5 2 0 0 3 2 0 0 0 2 2 0 3 0 5 2 1 0 6 0 3 1 0 3 0 0.16
2 2 0 0 6 0 1 0 0 0 1 1 0 0 0 0 3 0 0 0 0 3 0 0 1 0.08
33 0 39 33 39 26 0 68 14 46 26 14 57 50 6 51 42 0 39 15 122 20 47 31 43 0.86
0 0 0 0 2 0 2 3 0 0 1 3 1 2 2 0 2 0 0 2 0 0 0 0 0 0.07
4 3 0 2 4 0 1 0 0 4 0 0 0 3 0 0 3 0 0 0 5 0 0 1 4 0.13
6 1 5 4 13 8 3 1 14 8 4 1 2 0 0 7 10 0 1 3 8 0 7 3 1 0.41
0 4 11 0 0 2 0 0 0 3 1 3 0 5 1 0 1 3 0 8 10 4 1 12 17 0.3
31 0 7 49 0 7 41 0 51 0 31 76 37 32 0 50 30 0 0 42 42 41 15 23 0 0.65
20 14 0 16 32 34 27 0 0 0 27 13 0 0 0 0 0 36 0 31 0 7 23 99 0 0.5
5 0 3 10 0 2 0 0 0 3 3 0 6 4 22 1 2 2 0 0 2 4 2 10 0 0.27
1 8 2 0 3 8 1 2 14 3 1 1 19 0 3 14 2 3 3 2 0 0 3 0 1 0.3
0 0 23 0 41 0 28 40 38 0 0 42 59 0 0 0 0 46 36 0 37 36 12 0 40 0.52
13 0 0 2 0 30 0 0 0 13 32 0 129 0 0 8 0 36 38 0 4 38 0 20 113 0.45
39 0 28 141 51 17 0 57 49 30 16 54 0 35 86 0 33 36 35 0 0 0 43 0 0 0.64
12 4 6 4 0 10 4 0 7 11 2 0 1 1 1 14 0 6 2 10 11 3 8 2 0 0.44
1 5 15 0 0 0 1 1 1 0 0 4 8 4 2 2 10 8 0 2 2 1 14 8 3 0.33
0 0 27 31 0 129 49 82 0 0 0 24 0 41 39 4 26 48 0 36 0 0 34 0 0 0.49
41 0 3 49 0 0 7 46 5 36 0 0 0 0 0 0 0 0 95 25 0 39 0 0 24 0.38
19 1 10 2 9 2 0 3 21 0 2 10 0 4 0 0 5 6 0 0 6 1 3 20 4 0.39
5 0 2 24 3 2 7 1 3 8 8 12 6 5 2 1 15 0 4 2 11 3 0 6 10 0.47
0 0 0 2 0 18 12 0 1 1 1 16 0 11 1 2 9 8 0 0 7 6 0 10 0 0.35
8 4 5 3 0 7 0 0 2 6 10 2 1 0 4 4 3 7 3 0 14 9 1 6 1 0.38
0 0 0 0 10 13 3 12 0 3 3 2 5 12 0 9 0 10 8 6 2 4 9 2 0 0.42
2 13 2 0 14 13 2 5 3 6 2 3 1 5 3 1 0 0 1 8 14 8 2 6 0 0.39
0 4 0 1 0 0 1 3 0 0 0 0 0 0 3 1 0 0 0 0 5 1 0 0 0 0.07
5 0 2 0 0 0 0 5 0 1 0 0 0 0 0 0 3 0 1 0 3 5 4 0 0 0.11
10 3 2 0 0 0 11 0 1 9 0 0 2 0 5 3 4 1 10 18 0 0 0 13 0 0.32
8 0 3 3 8 13 18 3 2 10 1 3 3 4 10 8 5 0 3 0 15 0 3 10 0 0.46
3 17 0 5 0 1 0 0 3 0 0 17 0 9 2 5 4 1 3 0 0 0 5 14 14 0.32
0 26 0 31 0 36 0 7 44 0 0 46 88 32 39 0 8 6 0 46 20 22 41 0 0 0.56
0 0 14 3 0 0 0 14 2 12 2 2 6 4 13 8 6 0 13 2 3 1 0 6 5 0.4
1 5 0 0 0 0 0 0 0 0 6 0 0 0 6 0 4 0 0 0 3 0 0 0 0 0.09
0 33 0 0 3 13 0 0 35 40 4 36 0 0 32 0 12 0 43 24 13 15 0 0 34 0.5
4 1 0 6 2 3 2 2 0 0 0 1 0 0 0 1 0 2 0 0 0 0 3 2 3 0.12
1 1 6 2 0 5 8 0 18 3 0 0 0 0 0 0 2 4 0 12 3 2 2 0 14 0.27
4 0 0 0 3 0 0 0 4 0 0 0 0 0 0 5 0 0 0 2 5 0 6 0 0 0.11
0 3 0 0 4 0 0 2 2 2 1 2 0 2 0 0 2 0 0 0 1 0 2 0 4 0.1
15 25 92 0 40 18 0 15 0 8 0 28 3 0 0 0 1 30 44 0 31 4 5 0 0 0.48
0 46 0 47 41 0 19 149 15 0 45 10 46 41 8 12 0 0 60 0 15 0 12 68 24 0.67
4 5 5 0 1 0 7 0 3 0 1 14 0 2 1 0 0 16 0 0 0 1 1 10 3 0.25
0 2 0 0 0 0 1 0 0 0 0 0 4 0 2 0 0 2 0 0 0 0 0 0 0 0.04
0 8 3 2 2 10 0 14 0 5 14 0 0 6 8 0 9 1 7 1 1 0 1 3 0 0.34
0 12 97 37 47 23 0 0 25 36 29 95 34 8 30 0 1 10 12 0 2 24 38 22 46 0.72
25 0 0 0 0 21 10 38 1 3 39 0 0 29 137 31 21 35 0 0 45 25 31 0 0 0.53
2 0 0 0 4 0 0 0 0 3 0 0 0 1 0 4 3 0 3 0 0 2 0 2 0 0.09
0 4 6 0 0 0 3 0 0 0 0 0 2 4 3 5 1 0 3 0 6 0 0 0 2 0.15
0 12 13 2 19 5 18 4 0 4 0 2 4 1 10 2 10 3 2 0 0 0 3 7 2 0.4
0 0 4 4 2 0 0 5 0 4 1 0 0 1 0 2 0 3 0 2 0 0 2 0 0 0.12
0 0 0 0 36 0 0 36 0 35 18 0 0 0 44 0 145 0 0 35 15 65 0 0 12 0.4
5 0 8 0 13 5 3 16 0 0 0 2 13 0 1 0 6 6 13 2 0 0 0 11 2 0.35
0 1 0 6 0 5 2 5 5 0 2 2 0 0 2 9 19 1 2 4 0 6 12 4 0 0.3
152 35 0 36 0 0 28 29 0 0 36 103 49 0 0 35 55 0 0 0 0 38 0 32 0 0.48
35 6 21 0 1 110 27 0 97 0 20 0 0 6 47 6 0 0 0 38 33 38 11 0 0 0.51
1 1 0 2 1 9 6 3 0 0 1 2 0 0 3 0 0 0 2 10 0 7 0 6 2 0.22
34 51 46 21 148 35 0 37 46 0 0 31 5 0 0 12 0 37 0 21 36 0 0 27 0 0.58
0 3 3 0 3 0 1 0 0 1 0 0 0 1 0 0 0 2 0 0 0 0 0 5 0 0.07
1 3 1 1 0 8 2 6 2 0 2 1 0 10 0 15 1 3 5 0 1 9 21 3 0 0.31
5 0 0 0 0 0 0 1 0 1 0 5 0 1 5 0 0 4 0 0 0 0 2 4 3 0.12
0 1 0 0 0 0 0 0 0 3 1 0 2 1 4 2 0 0 0 1 4 0 2 0 0 0.08
2 0 10 0 0 5 9 0 2 2 13 4 2 1 21 2 6 20 9 2 4 7 0 0 3 0.4
2 0 0 10 4 10 0 13 0 0 2 1 1 3 1 15 12 19 6 6 7 15 0 3 4 0.44
0 0 0 0 0 5 1 1 0 0 2 5 10 2 0 22 1 2 15 3 8 0 6 0 3 0.27
4 0 3 19 10 4 17 0 0 0 0 1 3 10 11 0 0 8 10 0 0 2 9 13 3 0.42
0 0 3 0 0 2 1 0 0 2 0 1 0 0 3 2 2 0 0 0 0 1 0 0 4 0.08
5 0 0 0 0 0 0 8 0 7 8 0 0 1 7 0 0 3 16 0 14 0 4 0 0 0.25
0 1 6 0 0 1 16 11 0 0 4 14 5 0 0 13 0 0 13 0 0 3 0 0 12 0.31
0 0 79 9 32 18 15 0 29 0 4 34 0 4 36 13 50 0 0 43 17 32 52 0 0 0.58
11 5 0 0 0 0 0 1 1 13 2 0 3 5 10 0 0 0 0 0 18 2 6 1 8 0.29
0 82 0 3 76 39 0 31 32 13 30 36 16 32 33 51 0 13 23 0 17 0 19 46 15 0.73
3 0 16 7 2 3 0 0 1 0 0 12 1 0 7 13 0 2 0 0 0 2 0 3 7 0.27
0 24 29 27 47 0 8 39 40 3 24 0 0 0 0 13 0 19 0 31 12 0 24 51 32 0.6
3 0 2 0 0 0 1 0 0 0 0 0 3 2 2 5 0 0 1 0 4 0 3 0 3 0.11
3 5 4 0 2 14 0 1 13 3 6 10 10 5 9 5 0 24 0 2 23 0 0 5 11 0.48
0 0 1 14 3 1 14 3 0 0 8 3 0 11 0 6 0 0 15 0 12 3 0 9 0 0.34
0 7 0 0 2 3 7 0 0 0 6 0 2 8 0 4 0 5 0 0 0 0 3 0 1 0.19
0 0 3 0 0 0 0 2 0 0 0 0 3 0 0 3 0 0 0 0 0 1 4 1 0 0.06
0 10 1 1 2 11 1 9 3 0 0 3 0 1 2 0 9 6 1 0 4 0 0 0 6 0.27
55 0 21 0 132 37 0 0 94 26 0 33 1 23 0 0 21 0 34 0 0 19 7 0 0 0.47
18 0 0 8 0 0 3 1 5 10 0 6 2 9 2 8 3 4 0 6 1 0 8 0 6 0.36
0 6 0 0 2 2 2 5 0 1 10 1 4 5 0 0 3 14 0 2 0 1 0 0 2 0.22
3 1 0 4 0 0 0 0 0 0 0 0 0 1 0 0 0 4 2 0 0 0 0 0 0 0.06
0 45 28 36 0 0 136 64 34 31 25 83 0 38 22 20 0 0 76 58 0 0 18 0 0 0.6
0 0 0 3 4 0 0 1 0 1 0 0 0 0 0 0 1 0 0 5 0 0 2 1 6 0.09
0 0 0 0 2 0 0 0 0 0 0 0 2 0 1 5 6 4 4 0 4 4 1 2 2 0.14
52 0 20 33 0 8 0 0 41 22 0 26 0 0 18 0 0 32 11 0 0 0 0 37 40 0.47
0 9 2 0 0 14 0 1 0 0 10 3 0 12 16 0 19 3 0 0 0 3 0 3 6 0.31
133 0 38 42 20 33 41 0 34 29 38 0 40 30 0 0 35 0 49 0 0 0 42 40 34 0.64
1 19 0 19 0 0 4 1 0 0 0 0 0 2 15 12 19 0 0 3 16 3 0 4 7 0.34
31 41 8 31 0 48 0 0 33 37 0 0 5 0 39 0 0 46 37 31 29 41 24 18 5 0.63
0 0 14 0 0 10 0 0 16 0 17 3 0 3 1 2 1 21 1 4 1 0 5 3 3 0.3
12 9 3 3 21 1 4 11 4 0 0 4 3 8 5 8 0 0 11 0 8 7 1 14 1 0.47
6 0 0 0 2 3 0 1 0 0 1 8 0 1 4 0 14 5 5 2 0 11 0 2 0 0.24
1 12 23 2 22 15 0 7 23 0 0 4 10 10 4 13 6 1 5 0 0 0 3 2 19 0.5
0 23 0 0 0 0 44 61 0 15 8 0 109 21 4 0 51 0 25 0 2 17 0 0 17 0.45
18 2 2 11 0 12 3 19 1 0 1 7 0 1 2 14 4 3 14 0 0 0 5 8 0 0.39
0 6 0 4 2 0 0 1 0 3 1 4 0 1 0 3 4 0 0 0 2 1 5 3 0 0.16
18 5 16 6 3 3 5 0 15 1 0 0 0 4 1 0 5 0 4 2 0 4 12 9 0 0.36
0 7 13 0 0 0 14 0 0 2 0 3 13 0 0 2 2 1 2 0 19 10 0 9 0 0.31
0 0 0 3 0 0 0 0 6 0 0 0 0 1 0 0 1 3 0 0 0 0 0 0 0 0.05
7 0 4 6 1 3 10 2 24 8 0 8 3 2 3 3 14 0 5 6 2 9 0 14 1 0.45
4 4 11 1 2 0 0 13 0 23 8 1 2 1 3 20 0 3 2 1 19 2 23 3 6 0.41
12 1 0 11 10 7 1 12 4 2 2 0 0 1 0 0 16 8 5 0 3 0 19 0 1 0.38
5 0 0 0 11 5 0 0 1 14 0 2 10 6 0 2 9 0 0 4 10 3 24 2 9 0.39
0 16 9 0 0 9 5 0 7 0 0 12 3 0 9 0 0 4 5 14 0 3 0 0 3 0.34
0 3 1 0 3 0 1 3 5 0 3 0 0 0 6 0 0 0 2 0 0 2 6 2 3 0.16
8 4 7 2 9 3 15 0 0 13 0 10 0 0 5 6 11 5 2 0 0 12 0 0 0 0.4
32 8 152 6 34 0 33 0 2 0 93 25 139 0 0 0 33 34 24 44 0 0 31 0 26 0.58
32 10 17 13 0 0 0 19 0 50 35 40 0 41 27 0 0 43 36 0 0 15 0 90 3 0.57
0 0 3 1 1 0 3 0 6 0 0 0 0 4 0 4 0 0 1 0 1 0 0 0 2 0.1
3 15 9 2 10 1 5 1 4 0 1 0 1 0 0 5 23 1 3 14 15 6 0 0 6 0.39
1 6 1 10 0 4 7 0 7 6 12 9 6 5 0 1 2 0 0 2 3 6 0 10 16 0.42
0 6 0 0 4 0 0 0 3 0 1 0 0 0 5 1 0 0 0 0 0 4 2 0 0 0.1
0 4 0 0 0 1 0 0 1 1 0 1 0 0 3 0 0 1 1 3 0 2 1 0 0 0.07
0 0 2 0 3 0 0 0 0 5 0 2 0 0 3 0 2 0 0 0 0 3 0 0 0 0.08
0 1 3 0 0 0 0 3 0 1 0 0 6 4 1 6 4 3 2 3 0 0 2 2 0 0.16
1 2 0 12 4 0 1 0 3 1 5 4 3 14 6 2 3 0 8 2 0 6 4 7 0 0.32
13 6 13 0 0 40 20 23 0 0 40 14 33 0 47 0 0 30 24 0 0 0 33 0 1 0.5
0 0 0 0 0 0 9 0 0 13 0 0 1 7 10 3 3 7 3 10 0 0 4 6 9 0.32
2 0 3 2 6 2 1 4 1 0 0 3 3 1 0 3 2 4 5 0 0 1 0 1 0 0.17
0 0 4 2 0 2 2 0 0 5 3 1 4 0 0 0 0 0 1 0 3 0 6 1 4 0.15
0 4 6 0 6 0 2 2 4 0 0 0 0 0 5 1 0 2 0 0 0 3 0 0 0 0.14
11 1 0 12 0 3 11 0 5 10 7 6 0 0 11 10 0 0 2 3 0 2 4 10 0 0.41
39 0 29 30 44 0 0 3 48 51 0 36 16 85 6 0 17 0 24 33 7 10 13 45 12 0.7
0 31 0 33 41 0 0 0 27 0 2 41 0 1 21 51 48 21 73 0 0 7 0 0 0 0.44
0 0 1 2 0 0 0 0 0 1 6 0 3 0 4 0 0 1 0 0 3 0 0 0 6 0.1
0 1 0 0 0 0 4 4 3 0 2 1 0 1 0 0 2 0 1 0 0 0 0 1 0 0.08
0 31 0 0 36 61 0 0 0 3 19 25 28 33 19 0 0 0 10 0 0 27 0 0 0 0.41
4 1 0 0 1 0 0 0 0 0 0 0 1 3 0 3 1 1 2 0 0 0 0 3 0 0.08
0 0 1 0 1 0 2 2 0 0 0 0 4 6 0 3 0 0 0 0 0 0 5 0 0 0.09
0 2 0 1 0 0 16 9 0 3 13 14 5 0 3 3 1 1 9 0 10 12 1 0 0 0.35
0 4 0 9 0 4 4 0 3 6 14 10 1 3 2 0 9 0 0 8 14 6 2 18 6 0.42
6 16 0 0 0 0 3 7 24 0 8 2 0 6 14 10 23 4 9 10 8 1 6 1 3 0.49
6 0 2 1 6 9 1 2 5 1 4 0 8 24 0 9 0 1 3 8 1 3 2 16 1 0.37
24 1 14 3 2 7 4 1 1 0 0 0 0 1 2 20 0 0 0 1 2 7 0 9 0 0.28
2 3 0 0 0 0 0 0 15 0 0 2 0 9 8 0 0 8 1 13 19 0 2 0 0 0.26
15 3 8 0 12 0 14 0 0 0 1 5 4 0 0 0 2 0 9 10 13 3 0 3 0 0.35
0 2 0 0 12 2 9 6 3 0 2 8 0 0 0 7 0 0 12 1 0 3 0 0 0 0.25
0 3 5 11 6 0 0 4 0 0 0 0 0 2 1 0 8 3 4 0 0 0 4 0 0 0.2
1 7 3 4 3 8 14 1 23 0 11 14 0 11 1 23 2 0 0 0 0 4 10 2 2 0.43
36 39 18 0 24 0 0 0 10 0 29 4 41 3 0 35 5 32 20 0 47 143 12 36 0 0.6
3 0 49 0 0 31 0 0 19 0 5 37 0 26 20 89 37 2 34 0 15 0 0 0 0 0.44
0 0 4 3 3 0 0 4 2 2 4 0 2 0 0 0 0 3 0 2 0 5 0 3 0 0.14
0 11 5 13 2 0 0 9 3 1 1 3 3 3 2 1 0 0 8 4 16 0 4 0 1 0.31
5 0 0 3 0 0 3 0 1 1 0 0 0 0 0 0 2 0 0 0 0 0 0 0 0 0.06
40 40 149 0 37 0 0 47 37 0 3 6 12 1 48 0 40 0 33 33 36 16 0 29 32 0.64
0 8 0 9 0 0 11 3 0 0 18 13 0 11 0 3 0 12 2 8 0 5 0 0 10 0.39
36 0 50 37 0 2 28 65 10 0 11 37 20 46 33 0 39 44 10 32 34 90 0 33 31 0.76
0 3 0 0 2 0 0 0 4 3 2 2 0 0 0 2 1 0 0 0 1 6 0 0 0 0.1
