0 0 36 19 0 0 35 37 0 40 0 31 0 112 9 46 25 0 0.55
0 6 0 1 1 0 0 4 3 0 0 3 0 3 0 1 0 0 0.12
4 1 2 7 0 4 0 2 3 9 1 6 0 22 10 1 1 3 0.35
57 2 78 3 50 35 38 0 12 0 2 0 17 45 39 36 34 0 0.65
0 1 4 13 11 0 12 2 6 6 3 0 13 0 0 1 6 9 0.43
3 0 3 2 0 2 3 3 0 0 1 0 0 0 4 4 1 1 0.15
13 7 4 4 0 5 4 13 0 0 2 11 0 0 13 18 10 1 0.48
0 0 1 0 0 2 3 0 0 0 3 0 3 0 5 6 1 0 0.13
0 38 0 0 0 23 39 29 45 77 0 0 0 19 0 30 3 0 0.46
2 10 0 8 0 0 0 2 0 9 0 3 16 10 4 2 5 0 0.36
0 9 9 0 9 0 6 8 4 2 11 13 6 0 1 0 3 2 0.43
0 0 0 0 0 0 0 0 0 0 0 0 1 6 2 3 0 1 0.07
0 5 10 0 2 1 5 0 17 0 0 0 3 2 0 4 7 0 0.27
3 0 1 1 0 6 5 6 0 0 7 3 8 0 0 0 7 0 0.26
10 0 6 4 11 13 8 10 0 2 8 7 1 2 0 5 2 9 0.52
3 2 0 3 0 0 2 0 0 0 1 3 0 0 0 0 0 0 0.07
1 0 0 9 9 13 1 5 7 0 2 0 2 0 14 0 0 5 0.33
0 3 3 2 0 10 7 1 0 20 1 0 13 7 5 0 2 1 0.34
47 0 2 0 7 0 0 31 47 38 0 0 0 0 0 35 0 0 0.32
0 0 2 4 1 7 19 10 7 3 0 0 3 0 0 2 6 10 0.36
0 0 2 0 0 1 3 4 3 1 2 0 0 0 0 0 0 0 0.08
12 6 0 3 9 0 4 0 1 2 0 0 0 0 1 0 3 3 0.23
10 10 1 14 0 0 1 11 1 5 1 19 5 1 11 1 6 0 0.45
19 0 0 4 0 0 0 0 0 10 6 0 12 2 17 0 0 10 0.34
0 0 5 2 0 3 0 0 0 0 1 5 0 2 3 5 0 0 0.14
3 4 5 6 3 4 3 3 1 22 10 0 3 5 1 3 0 8 0.39
3 1 14 2 13 10 20 1 3 2 0 9 10 7 12 0 6 9 0.57
0 3 4 0 0 16 2 1 7 13 0 7 5 3 1 8 0 1 0.34
0 0 0 1 0 6 0 16 4 2 4 0 0 0 0 9 10 2 0.26
4 0 1 20 0 9 2 4 5 0 6 10 22 0 5 4 7 0 0.42
0 2 0 2 0 0 0 0 0 0 6 0 1 2 2 0 0 4 0.1
4 4 0 0 0 0 1 12 0 12 1 0 6 0 0 8 0 12 0.3
0 7 7 0 14 1 0 4 1 0 14 2 0 7 2 2 1 0 0.3
1 0 0 3 1 0 0 3 0 2 0 0 0 5 0 0 0 0 0.08
38 7 0 31 9 41 38 30 5 0 5 11 38 40 54 38 60 0 0.75
0 0 42 14 0 0 8 0 6 0 0 0 0 0 0 31 13 0 0.3
1 0 0 13 17 7 6 2 0 1 0 17 5 11 0 7 2 0 0.39
3 1 0 2 13 13 0 6 5 1 7 6 5 0 2 15 0 4 0.4
2 0 0 0 0 3 4 0 2 0 0 1 0 3 4 0 0 4 0.12
6 4 0 3 1 0 1 0 1 0 0 3 0 0 0 0 0 1 0.11
0 0 6 0 2 0 0 4 0 1 0 4 0 0 0 0 1 0 0.1
1 3 0 0 0 4 0 0 0 0 5 1 0 0 0 0 0 0 0.07
0 37 0 0 0 3 41 0 49 0 16 56 37 34 69 1 0 0 0.46
9 33 39 39 0 44 46 17 24 41 45 14 87 0 35 106 0 0 0.77
15 148 45 41 45 39 0 14 59 0 0 0 0 25 4 14 0 0 0.57
0 35 21 0 155 47 0 55 35 0 34 2 0 45 45 18 10 15 0.67
0 25 33 0 0 42 35 0 0 0 88 34 32 0 12 0 0 0 0.44
5 0 3 0 0 0 2 0 2 0 0 0 0 0 0 0 3 0 0.08
1 0 4 0 0 1 0 0 3 1 0 0 3 6 1 6 4 0 0.16
3 0 0 3 0 0 2 0 3 4 0 1 0 0 1 0 1 2 0.11
1 4 9 8 20 2 6 8 0 0 1 0 5 17 0 0 9 4 0.42
31 37 43 0 39 0 8 10 0 70 27 12 0 22 31 36 0 39 0.71
0 0 0 0 1 0 0 1 4 0 0 0 0 4 5 0 3 0 0.1
13 5 9 0 5 0 10 9 1 0 0 1 2 0 0 0 5 0 0.31
15 56 55 32 31 136 36 48 16 31 48 32 104 0 0 37 0 0 0.77
0 34 55 35 17 1 0 19 0 31 0 0 30 52 0 36 41 25 0.61
3 12 0 0 0 13 0 0 4 0 0 5 0 0 9 1 0 0 0.23
0 0 0 0 0 2 0 13 0 18 0 0 51 59 0 18 0 55 0.34
0 0 4 10 18 14 2 0 1 7 5 0 8 1 11 14 0 0 0.43
0 0 9 4 3 0 2 10 0 9 8 3 0 12 12 0 6 0 0.41
0 1 0 8 3 8 6 1 0 0 2 4 9 21 0 9 2 1 0.35
0 4 7 0 0 4 5 4 0 0 0 3 14 1 3 15 0 9 0.33
3 0 3 0 9 2 1 10 9 0 0 20 9 0 24 6 7 0 0.43
0 6 6 8 0 4 1 13 1 6 3 5 23 0 1 1 0 0 0.34
0 0 0 0 0 1 0 3 0 0 0 0 0 0 3 0 0 6 0.07
0 3 9 0 0 7 0 16 1 19 0 0 14 2 2 8 3 4 0.38
1 2 1 11 0 3 0 3 14 5 0 7 5 7 2 5 0 1 0.34
0 0 34 48 35 47 16 0 19 3 44 21 0 0 11 28 0 25 0.62
5 0 0 0 0 0 0 3 0 0 0 0 0 0 0 2 0 3 0.07
0 1 0 0 0 0 0 0 0 16 12 0 9 0 8 0 0 2 0.22
0 0 0 7 0 3 2 9 7 0 0 3 0 13 0 0 10 5 0.31
0 0 44 15 0 29 47 0 0 0 0 60 0 12 0 35 23 20 0.5
2 0 0 0 5 0 10 5 7 7 1 9 0 0 9 1 1 2 0.32
3 2 7 4 9 10 7 11 8 3 0 5 14 9 4 0 3 2 0.53
2 1 0 0 0 0 0 2 0 4 0 2 1 0 1 3 6 3 0.13
14 11 3 4 2 3 0 9 9 3 3 12 14 18 2 1 0 0 0.49
0 0 31 10 0 0 0 32 0 0 0 0 31 44 0 0 0 33 0.33
4 5 7 2 0 0 8 5 1 3 1 10 3 1 0 6 5 17 0.39
12 2 6 0 1 10 7 0 9 1 3 4 0 1 3 15 4 1 0.39
0 10 7 0 7 2 3 2 0 0 0 3 19 17 0 11 10 0 0.41
0 0 0 0 0 0 0 1 0 0 0 0 0 0 0 0 0 1 0.01
8 1 0 0 7 3 3 0 3 12 2 6 0 0 10 5 0 6 0.35
8 3 11 4 1 0 9 0 0 0 2 0 5 0 1 2 0 0 0.25
0 0 35 148 16 0 0 48 0 40 43 34 0 71 0 25 43 33 0.61
0 1 1 6 17 0 0 2 0 0 5 16 13 0 0 4 0 3 0.28
1 2 10 1 3 3 8 0 2 1 1 2 0 4 2 1 0 16 0.28
19 0 14 3 0 0 5 0 0 9 2 0 10 1 0 1 1 0 0.28
0 0 1 0 3 0 2 0 0 0 0 0 3 2 2 0 1 0 0.07
0 8 6 2 9 7 0 2 20 1 4 18 17 20 0 3 6 2 0.5
5 6 5 2 0 6 9 11 20 21 3 0 3 0 10 0 2 2 0.46
14 4 0 2 3 2 2 4 0 6 2 6 0 0 0 0 0 11 0.28
43 33 35 0 0 10 10 104 27 0 0 13 73 25 39 44 0 44 0.72
5 0 0 0 0 5 0 9 0 1 0 0 5 0 10 7 2 2 0.25
0 0 4 0 3 0 0 0 0 2 0 0 0 0 1 0 0 0 0.05
0 47 19 30 0 0 0 0 1 0 34 0 0 0 33 44 124 16 0.45
1 0 11 0 3 2 0 1 0 0 11 0 1 9 0 11 1 0 0.26
8 0 0 2 0 13 10 1 16 0 3 2 6 0 10 2 0 12 0.41
1 0 0 1 0 3 2 0 4 3 2 0 1 0 1 0 0 3 0.11
3 0 1 0 0 2 0 0 2 3 0 0 2 1 10 5 3 3 0.19
10 9 5 7 0 0 1 10 7 0 0 9 7 1 2 0 2 12 0.44
3 0 1 0 0 0 3 1 0 3 0 0 1 0 0 0 0 0 0.06
3 0 5 0 12 0 0 1 5 6 7 3 8 0 3 1 1 10 0.34
3 0 3 0 10 4 0 9 9 0 0 12 1 0 3 0 6 0 0.32
0 0 38 31 0 45 0 26 0 45 13 0 32 136 0 27 2 2 0.52
14 2 15 0 2 10 3 0 3 14 5 15 22 3 7 0 9 6 0.55
24 4 0 5 3 5 1 2 9 3 15 0 0 3 4 2 5 4 0.38
1 1 0 0 3 6 3 6 7 3 5 0 0 0 0 0 5 2 0.23
24 3 0 1 5 0 2 1 6 0 10 14 0 2 0 7 0 1 0.32
2 0 0 8 0 0 0 2 9 10 19 0 3 1 5 0 4 0 0.3
1 3 4 0 0 3 2 4 1 5 0 2 0 0 0 0 0 2 0.15
0 31 0 0 38 7 0 0 32 0 45 0 0 5 0 35 142 48 0.45
0 0 3 0 2 3 0 4 1 0 0 0 5 1 1 0 0 0 0.11
39 44 36 0 32 6 95 23 9 0 0 0 0 0 0 27 16 32 0.58
0 2 0 5 0 0 0 3 0 0 0 2 0 0 0 0 0 0 0.06
3 0 0 10 0 0 2 2 0 12 0 0 8 0 2 0 1 2 0.22
1 0 1 0 6 2 0 3 0 0 0 0 0 1 5 0 0 0 0.1
0 37 41 73 2 0 0 0 35 0 0 0 23 2 0 38 4 41 0.43
0 0 0 0 0 6 8 0 2 11 0 3 0 1 3 0 7 3 0.23
0 35 0 12 4 0 38 31 0 0 6 0 37 24 46 32 0 0 0.5
50 4 0 6 0 0 0 0 2 31 25 36 0 0 41 0 44 0 0.4
3 1 2 0 0 3 0 0 0 0 7 0 1 0 0 3 0 0 0.11
0 1 0 0 0 3 0 4 6 1 18 7 0 6 2 1 6 9 0.31
3 9 11 0 1 10 13 11 0 8 2 13 3 13 18 14 4 13 0.66
4 0 3 2 2 6 3 17 2 3 8 24 10 2 3 3 2 0 0.4
6 2 0 13 0 0 0 9 8 7 0 8 0 0 1 0 0 0 0.28
62 27 0 53 37 37 0 0 0 47 0 0 35 47 0 18 13 48 0.61
82 10 0 0 34 0 42 0 29 0 3 0 0 15 70 17 7 42 0.55
0 2 10 5 2 0 0 3 8 1 3 4 2 2 0 12 22 3 0.36
0 39 0 0 41 0 0 43 0 49 0 0 0 0 0 98 42 58 0.38
17 0 0 0 0 0 0 42 23 0 0 49 70 39 22 0 0 110 0.44
16 38 13 26 0 26 0 48 34 0 0 0 33 31 0 0 20 44 0.61
44 40 143 0 38 0 7 7 0 21 18 0 25 22 0 3 1 0 0.54
0 0 0 0 0 2 0 5 3 1 0 4 0 0 0 2 0 3 0.11
16 0 17 0 3 0 6 2 0 0 2 1 0 2 18 0 4 2 0.28
36 0 19 0 31 0 0 0 160 17 0 0 52 0 3 0 11 53 0.46
2 6 6 0 0 3 6 0 2 2 12 1 1 5 2 0 1 2 0.27
41 24 11 0 0 3 40 38 0 38 27 34 17 0 6 48 21 0 0.66
0 0 5 0 0 5 11 0 0 0 11 12 4 2 1 0 0 10 0.31
1 5 3 2 0 1 2 0 0 2 6 0 3 1 0 3 3 0 0.17
0 0 4 1 20 22 3 0 3 1 1 0 5 10 1 5 1 0 0.3
0 7 0 5 0 9 0 0 0 0 9 5 3 10 1 6 0 0 0.3
0 3 0 0 0 2 0 0 4 0 0 1 1 2 0 0 3 0 0.08
2 0 0 1 0 3 0 0 0 1 0 4 2 0 0 4 0 1 0.1
0 0 3 0 0 2 0 0 0 3 0 0 0 0 2 6 0 4 0.11
6 0 2 0 3 3 0 13 13 8 0 7 12 0 3 3 0 3 0.37
40 0 0 13 0 0 32 35 0 41 0 41 41 0 0 17 34 38 0.55
3 2 3 0 5 0 0 0 0 0 0 0 0 0 1 2 1 0 0.09
47 32 0 35 22 0 0 2 36 0 37 36 46 32 0 51 31 36 0.67
0 4 14 2 4 23 6 5 1 9 3 6 0 8 6 5 2 6 0.48
3 0 3 0 1 0 0 0 0 0 0 1 0 0 0 0 3 3 0.07
0 1 6 0 0 0 0 0 0 0 3 0 11 7 14 1 0 7 0.25
0 3 0 0 0 2 0 0 0 0 5 0 4 0 0 0 0 0 0.07
0 0 0 0 0 3 3 3 4 1 0 1 0 3 2 2 0 0 0.12
5 7 19 3 7 0 0 2 14 3 1 1 5 0 0 2 6 10 0.39
0 33 0 25 0 38 42 0 52 45 9 3 0 6 102 0 8 0 0.53
0 7 0 6 0 12 8 2 10 8 2 5 14 0 0 7 4 21 0.49
4 4 2 0 0 2 3 0 4 0 3 6 0 4 3 2 0 2 0.21
9 2 0 1 12 0 10 7 0 0 24 2 18 5 7 9 5 0 0.48
11 0 4 1 3 2 8 15 7 2 8 0 9 0 9 0 0 0 0.4
0 11 1 10 0 10 12 3 0 5 0 0 0 0 10 0 0 0 0.32
0 0 26 46 0 0 5 27 0 34 0 0 3 0 0 0 5 16 0.35
0 25 11 0 35 0 0 18 43 24 4 60 24 21 92 0 0 70 0.63
3 0 1 4 13 6 3 7 6 0 1 0 0 23 4 3 3 0 0.33
0 5 0 2 9 4 3 7 1 8 0 16 0 6 0 3 1 0 0.32
1 4 0 4 0 0 0 0 3 3 6 1 10 10 10 4 6 1 0.35
5 0 6 1 13 0 0 2 5 0 0 2 0 10 7 18 0 2 0.33
1 3 19 23 3 2 1 10 0 1 1 2 21 3 2 6 3 3 0.39
0 0 14 5 2 2 0 1 9 5 4 2 9 11 0 0 0 5 0.35
5 0 0 37 39 44 44 34 6 52 35 2 38 34 25 0 61 77 0.73
6 0 1 0 0 0 6 4 0 4 2 0 0 0 0 3 0 0 0.14
12 0 9 3 1 9 13 3 2 1 0 2 0 14 3 6 5 18 0.46
4 0 0 0 0 1 0 3 0 0 6 0 0 5 0 3 1 0 0.12
31 0 0 0 40 0 31 0 0 6 0 0 0 0 0 33 0 23 0.31
1 0 1 0 1 8 0 4 0 0 0 0 0 8 0 0 0 8 0.17
0 0 2 0 3 0 0 1 0 0 0 0 0 0 0 0 5 0 0.06
0 0 10 2 0 14 0 1 0 1 2 11 0 0 0 0 0 8 0.24
11 0 1 0 0 5 3 0 7 0 5 1 0 2 0 1 3 4 0.23
1 0 0 3 17 1 3 0 5 0 1 9 0 0 13 1 2 0 0.25
17 26 5 0 0 31 0 38 22 48 30 5 0 35 0 0 0 11 0.55
1 11 16 3 3 5 1 14 7 0 13 1 0 0 2 3 0 4 0.38
2 3 0 0 0 0 4 0 1 3 0 0 0 0 1 2 3 0 0.1
1 0 16 0 8 3 2 0 1 9 16 0 2 0 4 4 0 0 0.3
0 0 3 3 0 3 4 2 3 0 3 3 1 4 2 2 0 6 0.21
36 0 32 107 0 0 0 0 34 42 0 49 0 0 30 0 34 33 0.5
4 0 1 0 1 6 0 1 0 5 0 0 1 0 1 0 0 0 0.11
0 1 0 3 0 0 0 0 2 6 3 0 0 3 3 0 3 0 0.13
1 5 1 2 0 0 0 0 6 0 0 2 2 0 3 0 0 3 0.13
1 0 0 4 1 0 3 2 0 1 0 0 0 0 3 0 0 2 0.09
45 19 24 0 31 24 0 0 35 0 1 7 34 0 0 10 33 0 0.54
0 1 6 3 7 4 1 0 5 0 4 0 1 0 11 7 4 5 0.32
0 4 18 0 3 3 7 0 10 17 7 2 1 13 0 12 0 2 0.43
47 22 47 0 0 34 0 0 0 48 38 10 0 15 35 0 0 0 0.5
31 137 12 14 0 0 31 140 5 67 40 0 37 0 0 0 0 0 0.52
8 12 0 14 2 1 18 15 11 4 1 5 3 1 3 6 0 0 0.46
3 11 0 4 3 0 4 3 0 10 2 3 3 6 0 1 2 8 0.34
3 3 6 0 0 0 0 0 0 0 0 0 0 0 2 0 4 0 0.09
0 4 0 0 0 3 0 0 16 3 0 0 0 0 0 11 1 0 0.17
0 1 0 0 0 1 0 0 3 4 0 0 0 0 0 3 3 0 0.08
0 0 0 1 2 0 0 2 0 2 0 0 1 0 0 0 0 0 0.04
2 0 8 0 7 0 0 3 3 2 4 3 0 0 1 0 0 9 0.23
7 1 0 8 2 9 0 12 0 0 17 1 11 3 13 4 5 2 0.45
8 0 3 3 8 1 0 5 0 0 9 11 3 1 11 13 7 0 0.43
0 4 0 0 0 0 0 6 0 0 0 3 0 0 3 4 0 3 0.12
0 18 46 0 143 31 29 88 0 110 45 0 20 0 37 39 16 0 0.66
1 1 1 6 6 0 0 0 0 4 0 0 0 3 0 0 0 4 0.14
0 0 0 1 0 3 0 3 4 1 0 0 6 0 0 0 3 0 0.11
58 0 29 59 0 0 3 28 0 0 36 31 32 0 0 0 30 44 0.51
26 0 15 0 0 25 0 0 0 28 0 0 42 12 28 42 7 7 0.52
1 3 3 0 0 0 0 0 0 0 0 0 1 6 0 0 0 5 0.1
34 35 16 31 0 0 14 8 20 0 33 35 0 84 36 0 0 0 0.6
0 16 68 27 0 0 43 24 52 8 6 47 24 31 0 0 28 2 0.64
8 6 21 0 2 19 1 3 3 17 1 3 9 3 0 3 4 0 0.42
102 35 12 0 40 39 24 32 0 9 20 0 0 32 45 0 59 37 0.71
7 13 0 5 2 0 0 10 2 0 0 9 0 2 3 8 0 0 0.32
0 0 2 6 1 4 0 1 0 3 0 2 3 4 3 0 0 4 0.18
1 1 8 0 13 1 3 2 14 0 2 8 0 0 4 3 3 4 0.33
5 1 0 4 15 4 2 0 0 9 3 11 0 5 3 0 14 7 0.4
5 2 17 6 3 5 0 3 6 0 1 3 11 2 3 1 16 8 0.43
4 8 13 12 0 0 4 1 0 11 2 3 0 3 11 8 3 4 0.44
10 0 2 3 0 2 0 0 5 0 0 0 0 0 10 2 6 4 0.24
8 9 9 6 4 1 0 0 7 11 2 0 0 0 9 0 0 1 0.36
0 0 0 5 0 1 0 3 1 1 4 0 2 0 1 0 0 5 0.12
1 1 1 0 6 2 0 0 3 0 0 0 4 0 0 1 0 1 0.11
5 0 0 0 17 22 0 7 0 48 0 0 35 24 0 25 38 45 0.51
1 3 0 0 0 2 0 0 0 0 2 0 0 0 0 0 0 0 0.04
0 3 0 3 0 0 0 4 0 0 0 0 1 0 0 2 0 4 0.09
3 18 2 0 3 11 0 9 1 0 16 0 0 8 0 19 11 0 0.42
0 0 2 3 3 4 0 1 0 16 1 2 12 1 2 2 1 0 0.23
14 10 8 4 3 19 5 18 12 1 8 0 0 2 17 7 13 1 0.6
1 2 3 5 6 0 0 2 2 2 3 0 3 3 0 3 0 2 0.2
5 0 0 0 3 1 0 2 1 4 3 0 4 1 0 0 3 0 0.15
1 2 0 3 1 4 4 3 0 6 1 2 8 0 2 8 11 6 0.33
0 2 0 3 14 7 7 3 3 9 8 5 1 0 0 0 3 7 0.37
0 7 3 9 5 0 0 0 6 14 2 0 0 8 7 0 0 0 0.31
29 0 22 37 41 0 0 15 0 114 19 45 23 22 17 0 150 0 0.66
32 38 50 0 0 33 26 34 0 11 0 147 128 34 12 0 3 48 0.68
2 10 7 3 11 3 0 9 2 3 19 1 0 11 11 3 0 4 0.48
1 0 8 1 0 6 22 0 2 7 10 13 0 6 18 4 0 0 0.41
0 11 2 4 0 1 6 14 1 9 2 8 0 0 14 8 0 4 0.41
31 30 0 0 0 20 36 0 0 0 44 2 0 41 142 0 0 40 0.45
0 1 17 5 1 13 0 0 3 20 12 20 10 2 0 2 2 17 0.47
0 0 0 0 0 0 3 3 0 0 0 2 0 1 5 0 6 2 0.12
38 0 0 0 32 45 6 0 5 0 2 0 59 70 0 33 34 51 0.51
27 17 77 0 122 24 30 40 37 33 4 0 0 18 38 0 38 33 0.74
0 1 3 17 12 0 8 0 13 1 2 0 2 3 3 0 1 0 0.3
2 6 2 4 0 3 0 1 3 0 2 2 1 0 0 6 0 0 0.17
0 7 0 8 0 0 0 1 3 13 5 0 4 2 0 0 0 0 0.22
4 0 0 0 0 0 0 0 0 0 0 1 0 0 3 0 0 4 0.06
0 1 0 0 5 0 2 1 1 0 6 0 1 0 0 0 5 1 0.12
0 0 2 0 0 4 0 0 2 3 0 0 3 0 0 6 0 1 0.11
7 8 8 17 9 0 5 3 0 2 8 0 0 0 8 1 0 10 0.43
0 22 0 0 2 4 21 0 4 0 0 22 0 0 2 3 0 2 0.26
0 24 0 0 28 32 119 0 29 0 18 42 0 59 2 38 0 39 0.56
0 0 1 10 6 3 2 1 4 6 14 22 0 3 7 0 2 3 0.37
0 0 22 5 0 0 6 14 0 6 2 0 5 0 14 12 3 14 0.42
6 0 13 8 0 0 1 0 10 10 0 10 0 3 3 1 0 8 0.38
2 10 0 4 2 0 0 0 3 0 1 0 1 9 3 0 0 9 0.24
0 7 0 1 0 1 1 13 0 1 1 4 6 0 0 3 4 2 0.22
47 145 4 0 84 24 110 46 19 159 0 0 28 106 43 10 0 32 0.74
3 0 0 0 0 4 1 0 3 0 1 0 0 4 0 2 0 0 0.1
2 3 0 0 12 0 8 7 5 14 0 1 7 6 18 4 0 0 0.4
0 33 40 39 0 51 42 32 0 47 39 39 0 19 37 82 44 51 0.77
0 131 0 0 0 0 27 33 0 9 0 0 0 6 20 32 50 0 0.41
0 0 7 10 7 0 0 12 6 6 3 0 0 2 7 6 0 0 0.35
0 0 0 7 0 3 18 2 8 9 3 0 10 1 2 10 0 0 0.36
0 0 18 0 3 4 0 0 0 1 0 9 0 0 4 8 0 0 0.21
2 0 2 0 1 0 6 0 2 0 1 0 1 0 1 0 0 3 0.1
0 1 0 1 8 5 14 19 0 2 1 19 0 9 3 10 7 3 0.44
6 1 4 3 1 3 3 4 1 0 3 7 0 3 2 3 9 0 0.29
2 0 1 0 1 2 0 0 2 0 5 3 2 0 0 4 0 0 0.12
2 3 2 0 1 0 4 3 0 0 0 0 0 2 0 5 0 0 0.12
0 0 0 12 0 1 11 2 10 13 2 8 0 0 2 7 5 1 0.37
0 1 0 0 3 3 6 3 10 0 0 0 0 18 0 0 13 13 0.31
6 0 1 24 0 5 0 12 0 8 19 1 12 7 0 2 9 12 0.49
12 0 10 0 3 3 6 5 0 2 9 7 0 11 1 2 6 0 0.41
10 6 0 1 0 9 0 2 2 0 1 5 7 6 9 16 0 10 0.43
0 0 0 0 0 119 29 0 0 9 0 0 31 42 0 0 0 31 0.32
0 2 2 0 4 0 2 0 0 0 5 0 0 0 0 0 1 0 0.08
0 0 0 2 1 0 10 1 0 11 0 8 4 10 3 0 0 1 0.27
0 0 0 0 3 1 0 11 7 7 12 0 9 0 0 16 0 3 0.33
0 5 0 1 0 5 0 0 2 3 0 0 1 0 0 2 0 0 0.1
0 3 0 0 0 0 1 1 0 0 1 0 0 0 6 0 0 4 0.08
0 3 15 0 0 7 9 0 9 7 9 8 0 14 10 4 11 1 0.53
9 10 3 0 0 0 8 0 0 0 0 0 0 8 1 0 9 0 0.26
6 7 0 8 1 5 0 8 15 0 8 0 5 14 2 0 5 3 0.43
22 0 0 43 52 0 0 48 84 0 45 23 0 38 35 0 0 38 0.55
0 0 3 0 0 0 0 0 1 0 0 1 3 0 0 6 0 5 0.1
0 36 35 41 35 0 0 0 0 32 35 21 0 8 50 56 0 13 0.6
6 3 0 10 0 2 8 0 14 22 2 2 7 0 0 3 7 19 0.44
1 0 1 1 0 4 4 0 1 2 0 0 3 0 2 3 0 0 0.12
0 0 0 0 0 0 0 0 2 3 0 0 0 0 0 2 0 6 0.07
0 0 2 1 2 0 6 0 1 1 1 1 0 0 3 4 3 5 0.16
0 0 36 17 0 0 84 17 14 40 0 0 22 0 41 0 40 0 0.5
4 9 5 1 7 4 4 0 1 0 0 5 9 9 5 6 17 6 0.47
0 0 0 23 4 0 0 10 40 45 0 86 0 38 24 0 22 0 0.46
50 46 0 0 31 0 33 37 21 8 33 28 0 40 72 26 0 43 0.71
0 13 39 32 50 0 14 23 0 33 0 15 33 56 17 22 0 36 0.72
8 0 0 0 0 1 4 8 0 0 5 5 9 7 0 1 0 0 0.26
0 59 0 46 41 25 37 43 0 4 0 26 49 34 7 0 48 10 0.67
3 0 0 0 4 2 5 4 3 0 0 13 2 1 2 3 0 18 0.27
0 6 0 0 0 0 0 0 0 1 0 4 0 0 4 1 0 0 0.08
1 0 0 2 5 12 2 4 1 3 1 3 1 22 5 4 3 1 0.31
0 0 35 136 34 29 21 1 13 2 21 112 0 0 34 0 2 4 0.55
5 0 0 42 0 0 0 32 0 0 1 49 48 18 0 95 0 50 0.42
0 22 0 0 0 0 0 91 0 24 0 0 40 7 40 45 0 0 0.37
11 0 4 0 0 1 4 8 1 23 1 3 14 8 3 0 0 3 0.36
2 0 3 0 2 1 0 3 8 6 12 10 4 4 7 2 3 9 0.41
31 34 4 0 47 27 52 49 75 0 35 0 0 24 54 0 48 0 0.63
0 0 2 8 3 3 17 1 9 1 0 0 3 24 0 10 0 8 0.37
0 4 6 2 2 0 19 0 1 1 0 0 8 14 12 0 0 0 0.3
17 0 16 0 0 19 47 39 0 0 46 50 0 0 34 39 0 13 0.55
14 0 0 12 0 0 64 57 0 32 0 0 41 0 0 35 31 0 0.44
3 13 13 6 0 0 14 6 6 14 3 8 2 0 6 3 1 0 0.46
0 0 3 0 0 0 0 0 3 4 0 0 0 0 2 3 0 0 0.08
5 0 3 0 0 0 0 0 0 0 3 0 0 4 0 2 3 0 0.11
15 0 0 21 35 0 17 11 135 0 17 3 35 0 0 0 152 0 0.51
10 4 18 0 13 13 1 17 14 0 0 10 2 1 10 21 0 2 0.55
0 1 0 0 2 7 15 12 7 0 0 4 5 0 0 22 9 4 0.38
12 1 8 18 1 11 2 1 12 0 0 3 3 10 1 0 0 2 0.39
6 7 4 3 7 1 7 21 4 0 3 10 3 0 2 0 2 2 0.39
0 14 6 10 9 3 7 0 1 10 5 3 0 3 8 0 2 12 0.48
3 2 2 0 3 10 11 5 0 0 4 0 0 10 5 0 2 0 0.31
0 2 2 6 0 6 6 0 6 4 1 10 6 3 0 3 3 3 0.33
1 5 0 0 9 1 0 3 5 1 0 17 5 10 0 0 0 10 0.33
0 10 0 18 95 35 38 40 13 0 26 36 0 28 11 0 39 0 0.66
6 0 6 0 0 2 10 13 0 10 2 1 1 4 8 1 12 11 0.45
10 12 9 8 0 2 9 3 7 12 0 0 2 0 13 3 24 8 0.56
11 9 0 5 0 3 0 1 0 4 1 1 0 3 0 9 12 0 0.31
0 0 26 68 16 30 0 33 0 40 8 6 0 41 0 0 21 0 0.52
0 0 24 155 0 49 0 0 0 38 41 32 35 31 14 52 33 10 0.66
17 16 0 52 35 22 0 41 17 0 0 5 28 0 19 37 4 0 0.6
7 0 5 0 5 6 0 0 10 17 0 0 3 0 17 11 9 0 0.41
0 0 4 16 12 18 7 0 0 3 7 9 0 0 0 0 8 3 0.39
0 0 96 44 0 33 31 14 0 19 23 0 0 39 0 0 40 99 0.55
0 0 1 0 8 6 10 8 0 0 3 0 3 4 4 0 0 0 0.26
6 0 12 10 0 2 3 4 0 5 3 5 0 19 2 8 15 0 0.43
0 3 6 0 21 0 2 4 9 9 3 0 3 8 2 9 10 6 0.46
1 3 2 1 0 3 1 3 0 2 2 0 2 3 0 0 2 0 0.13
0 27 0 0 35 26 7 24 46 64 0 13 32 32 4 84 0 29 0.67
2 2 0 0 0 2 0 0 0 0 3 0 1 0 0 1 0 0 0.06
1 13 0 9 2 7 3 0 0 0 4 0 0 3 1 0 6 11 0.31
2 2 0 0 1 9 5 0 4 23 1 2 5 21 1 12 0 4 0.36
2 16 10 1 0 6 24 6 0 14 9 4 0 9 0 0 2 0 0.43
12 10 0 3 4 5 0 0 2 2 2 4 2 19 1 8 6 0 0.38
0 12 14 5 4 9 1 2 1 2 16 0 0 1 5 8 0 1 0.38
0 3 1 3 6 0 9 6 1 0 0 0 0 3 1 13 3 10 0.31
0 4 0 0 0 0 0 0 1 0 0 0 0 6 0 0 0 3 0.07
0 6 0 2 2 0 0 0 0 1 1 0 3 1 0 2 0 0 0.1
3 2 7 10 3 1 0 2 11 10 0 2 0 2 1 1 0 1 0.3
1 5 0 10 6 6 13 0 0 14 0 0 0 6 3 0 3 1 0.33
3 0 3 0 1 12 0 1 6 5 1 3 4 6 10 0 4 3 0.33
2 3 4 2 1 0 0 0 4 4 0 0 0 0 2 2 2 3 0.16
0 22 0 0 0 0 0 39 0 60 32 35 37 33 0 50 0 0 0.44
2 0 10 0 6 5 0 7 0 0 0 0 6 0 0 19 12 3 0.32
0 0 1 0 19 0 3 0 0 0 0 0 9 11 0 9 0 0 0.23
0 4 3 0 0 0 2 2 0 1 0 0 0 2 3 1 0 0 0.1
1 0 1 1 0 0 3 0 0 1 0 4 0 3 2 2 3 3 0.13
0 0 6 0 4 2 0 1 2 3 2 3 0 0 0 0 0 2 0.13
1 18 1 0 3 0 2 0 7 8 1 0 14 0 9 12 10 0 0.4
7 2 0 16 0 24 12 8 3 0 0 0 8 19 0 4 0 4 0.42
0 8 0 3 4 0 3 7 0 1 0 9 0 3 14 6 8 0 0.34
0 0 0 3 3 0 0 2 3 6 2 2 4 0 2 4 0 0 0.17
8 6 7 13 0 2 0 4 0 0 2 0 7 2 6 0 5 0 0.32
0 2 0 0 2 0 0 2 4 0 2 3 0 0 4 2 0 0 0.11
3 0 2 7 4 0 16 9 24 3 0 1 5 2 0 7 2 6 0.39
0 41 10 16 0 16 0 32 37 39 28 0 0 27 13 24 38 0 0.66
44 0 61 39 0 12 36 32 0 51 0 37 0 36 0 95 0 0 0.55
0 6 3 0 0 0 2 2 0 0 2 6 0 5 3 1 0 4 0.18
0 32 46 0 29 0 32 0 40 23 53 36 32 7 46 33 0 48 0.7
0 0 17 2 0 0 12 0 0 0 10 2 2 13 5 0 10 16 0.39
3 0 5 1 4 4 0 6 0 0 1 0 1 0 0 2 0 4 0.17
12 0 42 13 55 0 0 0 23 0 12 12 0 0 11 71 0 49 0.55
0 2 0 4 9 7 0 0 0 0 8 0 1 14 2 14 1 0 0.3
1 23 2 15 3 0 10 2 0 2 0 7 8 10 0 17 2 0 0.42
0 2 4 3 24 9 0 6 0 2 12 10 1 10 3 11 0 1 0.45
0 3 2 0 1 0 0 0 0 0 0 0 0 5 0 0 4 2 0.09
0 0 3 0 0 0 2 0 0 0 2 2 0 2 3 0 0 0 0.07
0 7 0 1 11 0 0 0 0 1 2 0 13 6 2 17 0 3 0.28
5 0 0 13 0 0 3 0 20 6 3 3 10 0 1 1 15 8 0.38
6 14 0 0 1 2 9 0 2 2 0 0 0 3 2 1 0 4 0.23
5 8 0 0 0 5 4 17 3 0 6 3 4 1 0 5 3 0 0.31
0 1 4 4 0 1 3 0 0 0 2 4 3 4 3 0 3 1 0.18
3 0 0 0 9 0 14 0 0 0 9 0 0 0 19 16 9 2 0.34
2 3 0 0 7 0 2 2 2 0 15 8 2 0 4 0 0 2 0.24
6 0 12 5 0 14 0 7 0 0 0 0 0 6 0 3 0 1 0.26
0 0 0 50 55 51 45 25 0 34 8 22 21 0 7 0 8 30 0.62
3 4 0 0 0 0 1 6 7 7 2 2 0 0 3 0 10 0 0.25
0 0 0 0 0 0 1 1 0 0 1 0 2 3 6 0 0 0 0.07
3 0 0 0 0 6 0 2 4 0 0 0 0 0 3 2 0 0 0.11
33 0 46 0 51 49 0 49 0 31 0 33 38 19 0 0 40 0 0.55
0 0 0 6 0 0 0 0 0 0 3 6 3 0 0 10 9 4 0.22
0 0 2 0 0 1 0 0 0 3 0 0 2 0 0 1 0 3 0.06
3 3 2 0 3 0 0 2 0 1 0 0 0 0 0 0 0 0 0.07
10 1 0 13 0 0 2 5 0 11 0 1 0 17 8 0 0 2 0.32
5 2 0 0 0 0 3 3 8 9 2 0 2 12 0 14 2 5 0.33
0 0 0 0 3 0 4 0 2 2 0 0 1 0 3 2 0 3 0.11
0 9 0 1 1 1 6 0 19 18 2 10 6 0 21 0 16 7 0.46
2 0 0 0 1 1 1 5 0 1 6 1 0 0 0 0 0 0 0.1
0 32 0 2 14 27 0 0 38 33 21 0 44 0 31 0 31 10 0.56
1 6 0 0 6 0 1 0 9 3 0 0 0 0 3 6 9 5 0.27
2 13 3 0 7 11 0 1 6 2 7 4 8 3 6 2 2 13 0.46
0 0 1 3 23 10 0 1 1 17 0 5 5 2 1 8 3 3 0.34
2 0 0 0 0 6 1 0 1 0 0 1 2 0 1 0 0 0 0.07
6 0 0 0 0 0 1 0 0 0 2 0 0 3 4 1 2 0 0.1
25 0 38 39 0 0 59 0 41 31 0 0 4 0 33 38 0 4 0.48
0 2 22 0 50 0 32 115 0 12 0 10 0 83 1 150 0 38 0.51
12 2 3 3 10 10 3 2 0 1 3 15 7 1 3 5 4 0 0.42
0 0 1 0 4 0 0 0 0 3 0 0 0 0 0 4 1 1 0.07
8 11 0 2 3 0 5 2 5 7 0 2 19 4 8 7 21 3 0.47
3 13 22 3 2 13 2 8 1 0 4 9 1 6 3 0 3 3 0.43
0 0 2 0 0 0 0 0 0 2 0 2 0 0 0 0 0 0 0.03
13 0 12 0 5 0 0 10 3 10 4 8 1 8 14 9 0 9 0.53
0 0 4 0 4 0 0 0 1 0 0 1 0 0 0 2 3 1 0.08
0 4 0 0 0 3 3 0 0 3 0 0 0 1 0 0 2 6 0.12
1 2 5 6 10 23 2 8 8 4 7 2 0 10 8 6 2 14 0.56
7 14 2 0 3 0 4 4 11 3 1 4 9 4 11 3 7 10 0.5
0 1 2 0 6 0 0 4 3 0 0 0 0 0 0 3 0 0 0.1
0 0 17 25 1 35 35 23 0 20 0 40 0 28 33 42 0 0 0.56
2 1 0 0 0 0 2 0 0 0 0 0 0 0 0 2 3 0 0.05
4 5 12 10 5 1 6 3 22 6 0 4 0 7 0 0 0 0 0.39
0 12 0 0 1 1 12 0 0 1 8 1 10 2 5 2 0 0 0.28
1 0 0 0 6 1 3 1 1 0 1 0 0 0 0 4 0 0 0.1
0 0 6 3 0 1 0 0 0 0 1 0 4 0 0 0 1 1 0.09
7 14 0 10 4 13 0 15 0 16 1 0 0 1 10 0 0 5 0.43
0 0 36 57 0 51 0 0 0 0 0 0 0 12 0 37 117 12 0.38
14 10 0 0 1 1 2 2 0 2 6 7 3 7 1 5 0 0 0.31
9 2 0 0 0 18 6 1 2 0 1 0 13 0 3 17 0 0 0.3
2 2 0 0 0 0 0 0 0 1 6 0 1 0 2 0 0 2 0.08
0 3 0 1 0 0 2 0 0 0 0 0 2 0 2 0 3 3 0.08
0 0 6 0 1 0 0 45 0 0 0 0 26 0 40 0 3 17 0.27
2 0 0 7 0 7 1 11 0 0 6 0 4 13 7 5 13 10 0.43
0 0 0 0 2 0 2 0 1 3 0 1 1 0 0 0 0 0 0.05
0 0 0 1 9 13 12 3 2 0 10 0 8 0 0 7 6 3 0.38
4 0 4 17 22 0 16 3 9 0 2 0 16 0 0 3 0 2 0.37
4 0 0 0 12 0 10 3 0 0 2 3 15 1 0 0 3 0 0.25
0 118 12 0 0 0 31 0 0 0 0 0 0 36 0 25 0 2 0.28
1 1 3 0 0 1 4 3 3 0 0 0 3 2 3 2 4 0 0.16
0 0 3 13 0 1 0 0 0 0 3 0 2 0 6 5 4 1 0.19
0 0 0 3 2 0 1 0 0 0 0 0 1 0 0 2 0 2 0.06
3 0 2 1 0 0 2 0 0 0 0 1 0 4 0 0 0 0 0.07
42 0 0 0 35 40 29 0 51 19 20 2 95 2 22 0 33 42 0.63
0 0 6 0 5 0 3 1 0 1 0 4 0 0 0 0 0 0 0.11
33 0 7 0 7 32 82 40 29 0 0 41 0 0 0 0 48 0 0.46
0 5 0 7 0 2 0 0 0 0 2 7 0 6 1 3 0 12 0.23
3 8 2 10 2 6 2 1 1 3 1 7 2 7 0 6 6 0 0.37
8 10 0 11 2 0 11 10 0 9 1 12 0 2 1 0 4 13 0.48
0 1 6 0 0 0 4 0 4 0 6 0 3 0 1 1 0 0 0.14
1 0 4 0 1 0 0 0 0 3 0 0 2 0 0 0 0 0 0.06
0 15 10 4 0 1 0 1 0 2 4 14 14 10 2 2 10 1 0.42
0 0 38 0 0 0 32 36 0 0 39 34 0 35 0 13 45 0 0.44
0 1 1 0 0 2 1 0 0 0 3 0 0 1 0 0 2 0 0.06
6 16 3 2 3 19 1 10 18 13 19 10 0 5 23 22 0 9 0.66
0 2 0 2 0 0 2 5 3 0 0 2 0 0 0 1 4 0 0.11
5 0 11 2 9 4 1 1 0 2 8 0 4 8 22 0 6 3 0.4
32 0 40 0 38 36 0 31 0 39 0 40 39 4 47 31 38 0 0.63
13 0 0 1 2 6 1 13 6 0 0 8 0 1 5 0 3 13 0.35
5 0 0 0 6 2 1 1 4 0 0 2 15 6 0 3 18 0 0.27
3 0 0 0 32 58 40 0 0 0 0 18 33 22 28 48 6 19 0.55
14 4 2 1 8 0 2 0 0 3 3 4 0 0 5 1 3 0 0.25
18 7 10 6 5 2 17 0 0 3 13 10 1 20 9 4 0 22 0.59
9 10 1 6 1 0 2 3 0 0 1 0 3 2 0 7 14 5 0.33
32 0 149 41 25 32 0 39 0 10 43 37 5 14 0 15 103 0 0.69
4 9 2 6 0 5 0 0 2 0 3 6 2 7 2 1 9 1 0.32
6 14 0 5 0 6 5 0 4 0 1 5 6 0 11 4 6 21 0.43
4 1 0 0 0 3 3 2 0 0 0 4 1 0 0 5 0 1 0.13
2 0 10 0 3 1 10 3 0 1 8 6 0 13 2 0 8 8 0.39
35 0 0 14 0 30 0 31 0 0 0 8 48 19 30 0 0 0 0.43
15 20 3 13 3 0 4 12 4 3 4 2 2 0 4 3 8 5 0.47
7 0 7 0 3 0 8 5 4 12 7 1 4 2 3 6 0 0 0.37
0 2 0 0 4 2 0 0 0 4 0 0 1 4 0 1 0 0 0.1
0 1 4 3 0 0 0 2 2 4 0 0 0 0 0 0 0 1 0.09
0 1 0 0 0 3 8 0 2 14 0 2 4 1 5 1 7 4 0.26
2 4 0 11 6 0 0 10 1 4 6 0 0 13 0 14 0 8 0.39
51 0 0 34 28 6 50 60 0 136 28 0 37 0 31 8 0 0 0.57
11 13 0 33 9 21 52 13 0 26 0 0 2 11 46 35 0 23 0.67
2 3 7 3 0 3 0 0 0 15 0 6 8 0 0 0 2 3 0.26
0 8 0 4 2 1 1 21 13 0 13 6 0 9 2 10 0 1 0.41
0 3 14 0 30 0 0 0 1 0 36 0 31 0 10 37 31 0 0.41
0 0 3 2 4 0 0 0 0 0 0 3 0 1 2 0 4 0 0.1
7 0 0 22 0 5 12 4 0 3 2 3 4 22 1 18 0 2 0.39
2 6 0 0 0 11 0 2 2 3 11 0 0 15 1 0 0 7 0.29
0 26 0 47 36 60 21 4 0 0 0 0 0 31 0 0 0 27 0.41
31 15 0 37 0 30 6 0 3 44 40 0 12 49 0 52 11 46 0.66
51 11 27 0 2 54 12 0 0 0 0 0 31 18 26 0 31 0 0.51
0 0 0 0 0 0 27 41 0 0 0 1 28 44 43 0 0 0 0.28
0 0 4 5 0 6 8 9 11 0 0 9 0 9 6 0 0 0 0.36
7 0 9 0 3 2 1 15 5 14 10 3 6 0 0 0 5 15 0.45
2 7 0 9 2 3 0 0 3 3 1 0 3 3 23 0 5 0 0.28
9 0 19 1 7 15 4 3 0 0 0 0 0 11 10 5 0 0 0.38
0 6 2 0 3 1 5 5 0 18 7 0 5 2 13 13 14 0 0.42
0 0 5 0 2 0 0 0 0 1 0 1 0 3 0 3 1 0 0.08
0 0 0 0 3 0 1 0 0 0 1 1 2 0 0 3 1 1 0.07
6 0 8 6 8 5 6 0 10 0 8 1 0 2 11 0 2 9 0.45
0 0 0 0 0 0 0 0 0 2 0 0 0 2 0 0 0 0 0.02
0 2 0 0 0 0 0 1 3 0 1 0 0 0 0 0 4 0 0.06
8 48 0 0 0 39 0 9 0 37 31 7 5 0 22 138 67 40 0.6
0 2 0 3 0 4 6 1 0 0 6 0 0 0 0 0 2 0 0.13
2 0 6 2 0 0 0 0 1 0 0 0 0 0 0 0 3 5 0.1
0 0 8 0 0 2 0 0 0 2 0 8 0 5 16 6 0 3 0.24
0 2 20 8 4 0 1 2 1 11 3 6 11 0 16 8 6 10 0.5
21 12 0 1 0 9 3 1 9 8 6 0 11 2 2 0 7 13 0.48
5 0 0 0 0 5 1 6 0 0 0 0 3 0 0 0 0 0 0.11
3 2 1 6 0 2 3 11 3 16 8 6 5 0 5 1 1 21 0.42
15 3 0 2 4 3 0 4 0 0 3 4 14 18 8 9 3 5 0.43
3 10 0 0 13 3 0 8 6 0 0 14 12 15 0 0 0 2 0.4
13 7 0 3 2 0 3 0 18 0 3 0 6 7 13 5 6 7 0.43
0 0 0 0 2 0 0 0 0 0 0 0 0 0 1 0 0 0 0.01
115 0 4 36 0 0 42 0 0 0 49 30 16 0 0 76 0 51 0.46
0 2 2 5 0 8 0 3 0 11 0 14 11 11 3 0 2 5 0.38
0 1 0 3 4 0 0 6 0 0 4 3 3 4 2 0 0 2 0.17
13 0 0 1 8 5 0 0 11 0 8 1 0 0 0 4 7 0 0.3
0 1 0 0 0 0 4 3 0 0 0 3 0 1 1 3 0 0 0.08
0 0 0 26 30 1 0 0 40 2 38 32 0 28 45 35 4 42 0.53
0 2 10 0 8 0 0 0 15 10 12 2 0 0 13 0 0 0 0.34
0 16 4 8 12 2 0 0 2 6 0 0 0 5 1 2 5 0 0.3
0 2 8 7 16 0 0 3 13 6 9 1 0 0 0 0 6 0 0.34
20 10 3 24 0 0 0 0 2 1 0 0 4 1 0 24 2 4 0.31
90 35 0 0 0 0 0 33 9 0 0 0 34 0 27 50 36 41 0.49
0 0 5 0 4 0 0 0 4 0 0 0 0 0 6 0 0 0 0.1
13 7 0 4 10 0 7 2 0 10 3 0 5 1 0 6 23 3 0.43
0 2 0 0 1 0 0 2 1 3 0 1 0 3 0 0 0 2 0.08
0 2 0 0 7 5 0 3 2 7 0 10 12 6 1 12 0 0 0.34
1 0 4 1 1 3 20 0 0 11 14 4 1 0 8 5 5 18 0.4
5 6 0 0 1 0 2 1 0 3 0 5 3 0 3 0 0 0 0.16
1 3 4 14 0 4 9 0 10 0 0 5 0 19 9 0 0 1 0.36
0 0 3 0 0 0 2 1 0 0 0 0 0 0 0 0 3 0 0.04
3 0 0 2 1 0 0 4 0 3 0 0 0 0 1 3 2 6 0.13
0 0 0 0 5 0 5 15 1 9 1 9 3 6 4 1 0 1 0.3
4 1 18 0 6 1 1 9 12 14 4 4 17 0 4 3 13 5 0.51
31 43 32 46 1 0 7 4 27 0 23 24 0 7 4 20 0 0 0.57
5 5 4 1 0 0 0 2 0 4 4 0 0 5 2 3 0 0 0.19
0 0 0 0 0 0 0 0 0 4 0 0 0 6 0 0 0 4 0.07
22 1 4 2 3 1 3 5 7 8 4 12 1 1 15 2 11 10 0.51
7 5 0 11 0 0 5 8 0 4 1 0 5 0 0 14 0 7 0.34
5 4 0 0 1 2 0 3 9 8 7 1 17 2 2 12 8 6 0.43
0 3 0 0 2 0 0 0 4 0 3 0 6 0 2 0 0 1 0.11
2 9 0 2 19 0 0 6 0 7 0 3 0 17 7 7 4 12 0.42
1 0 0 4 1 4 0 2 2 3 0 0 0 4 1 0 4 1 0.15
0 0 0 0 0 0 0 0 0 1 0 0 0 3 0 0 0 0 0.02
4 0 0 0 5 1 1 0 0 4 0 3 0 0 0 3 0 0 0.11
10 7 8 14 9 0 8 3 3 13 6 5 3 1 0 5 0 2 0.49
0 4 1 0 0 120 0 0 0 40 0 13 5 18 0 0 32 0 0.33
0 1 2 11 0 0 7 7 1 20 6 3 0 8 0 3 7 3 0.37
0 2 2 5 0 0 2 11 7 14 18 7 2 0 7 16 1 13 0.47
0 33 0 45 24 21 3 0 40 82 37 16 101 41 0 13 0 0 0.62
14 0 0 0 0 1 0 0 6 5 0 5 0 0 8 8 7 3 0.29
0 23 4 92 41 39 23 0 14 19 40 0 0 41 0 2 39 60 0.64
5 2 7 0 6 9 9 5 0 6 2 4 6 0 2 10 16 0 0.46
0 10 0 3 1 14 10 3 6 0 6 1 0 0 10 14 2 0 0.39
8 17 2 9 0 8 3 10 0 11 10 3 10 0 13 0 5 3 0.56
6 0 3 8 0 0 0 0 2 5 0 0 15 2 0 0 0 4 0.22
0 0 0 0 2 2 0 0 5 0 0 4 4 0 0 0 3 0 0.11
7 7 4 4 16 3 14 17 2 5 0 0 7 0 2 3 6 6 0.47
1 7 7 16 2 1 1 0 5 1 2 0 6 23 8 5 6 2 0.41
6 14 1 2 1 0 0 16 0 3 21 12 0 11 7 0 4 1 0.41
0 0 0 0 0 16 0 51 0 29 0 0 5 19 58 37 10 5 0.44
4 0 4 0 7 0 0 5 0 0 0 7 0 0 8 3 2 0 0.22
1 0 2 2 0 1 1 0 0 0 3 2 4 0 0 2 0 2 0.11
0 0 0 3 0 0 5 0 3 2 0 0 0 0 4 1 0 0 0.1
0 6 0 0 16 123 20 16 0 0 0 45 0 6 34 33 0 0 0.45
10 0 0 0 2 8 0 0 1 6 0 5 12 2 5 7 0 0 0.31
0 19 1 9 2 0 0 0 0 1 10 0 0 12 5 0 10 0 0.32
10 12 0 0 0 8 0 4 2 2 9 3 15 10 0 3 0 2 0.4
6 0 0 32 0 0 0 0 0 35 0 0 14 50 11 35 26 73 0.47
0 13 0 7 6 1 13 5 7 0 0 1 12 2 0 8 8 0 0.41
2 0 0 0 1 0 0 0 3 0 0 0 0 6 0 0 2 0 0.07
0 7 5 11 14 5 3 7 2 15 3 0 0 0 0 5 0 1 0.37
1 2 16 0 0 19 0 7 0 0 0 0 7 13 2 0 0 2 0.28
39 0 0 93 16 0 0 17 29 16 6 9 34 87 46 0 2 0 0.59
0 36 29 38 0 0 13 0 0 29 0 1 0 34 0 10 87 9 0.5
10 0 3 2 10 6 0 8 9 8 4 0 0 3 0 0 3 21 0.42
74 0 16 18 12 34 0 17 0 0 0 0 0 47 43 31 26 0 0.55
0 0 0 0 0 0 0 1 1 12 2 14 2 0 18 0 0 0 0.2
1 0 12 3 20 3 5 8 5 23 3 0 0 1 6 12 4 2 0.45
3 0 0 0 2 3 0 0 4 0 0 0 3 1 0 3 0 0 0.1
0 0 5 5 0 0 14 4 2 2 0 6 3 3 21 1 5 24 0.36
60 34 19 31 31 47 51 31 0 0 0 0 37 0 0 0 32 0 0.55
13 6 9 8 0 7 5 8 11 14 14 2 4 0 2 10 0 12 0.61
0 6 3 0 0 0 2 0 3 4 1 0 4 0 0 1 1 0 0.13
0 0 0 1 0 8 6 0 4 5 3 1 13 2 13 7 1 2 0.33
0 0 5 0 2 7 3 4 2 0 9 0 2 4 0 7 0 18 0.3
0 0 0 4 0 0 0 0 2 0 4 3 0 3 0 0 0 0 0.08
8 0 1 2 1 0 2 1 0 4 5 0 1 0 2 0 7 3 0.2
0 0 3 0 0 3 0 4 0 0 1 1 5 6 2 0 0 3 0.15
11 0 0 3 2 0 4 6 2 9 6 0 1 2 3 6 22 9 0.4
0 0 13 1 2 19 0 0 3 0 14 0 0 0 8 3 0 2 0.27
0 2 6 0 0 0 0 0 3 0 0 0 3 5 3 0 1 0 0.12
8 4 0 12 0 2 11 1 2 9 4 4 14 0 0 4 2 6 0.42
2 9 5 0 1 0 0 0 5 10 7 10 7 0 2 3 18 13 0.45
14 0 0 3 2 1 10 9 14 3 5 0 2 0 8 9 1 0 0.4
2 0 0 0 11 1 0 14 0 14 3 13 9 3 1 0 0 3 0.34
0 30 50 23 46 0 31 2 50 0 46 0 28 11 17 0 158 36 0.67
0 3 0 1 0 3 0 3 0 0 4 0 3 0 0 0 0 0 0.09
0 0 12 2 1 0 0 1 5 6 5 0 11 0 0 2 0 9 0.28
7 0 0 0 6 0 14 1 1 9 0 2 3 1 0 2 0 0 0.23
0 4 0 7 32 45 45 32 33 28 18 42 0 0 0 23 32 0 0.61
0 0 0 5 3 0 0 0 0 1 0 0 0 3 1 2 0 3 0.1
0 3 3 1 1 3 3 2 1 0 0 9 0 11 9 0 0 0 0.25
48 0 25 41 0 21 0 39 20 0 9 0 0 6 24 31 37 16 0.63
0 157 0 59 21 0 6 12 0 32 35 153 24 0 32 30 42 0 0.64
5 9 2 5 9 0 0 13 2 0 23 1 3 6 4 0 1 0 0.37
1 7 10 2 0 10 0 4 16 3 1 4 0 13 0 1 4 0 0.37
0 9 1 0 2 1 5 1 0 8 3 16 0 8 0 14 21 4 0.4
0 2 16 7 6 0 1 0 0 1 10 0 1 18 13 3 0 2 0.35
0 0 3 3 5 1 0 0 0 0 0 4 0 1 0 0 0 0 0.09
0 0 1 0 0 0 0 0 5 0 2 0 3 0 1 2 1 2 0.09
40 33 26 40 36 48 37 37 0 0 57 30 49 22 46 114 12 33 0.88
0 0 1 5 2 0 0 4 0 0 0 0 0 0 3 3 0 4 0.12
0 0 0 1 1 0 2 2 0 4 1 0 6 0 0 2 4 0 0.12
0 3 0 5 3 1 3 0 0 0 0 0 4 0 2 0 0 0 0.11
34 0 8 79 41 6 37 48 0 24 38 39 21 0 32 0 40 0 0.68
11 40 0 55 0 27 32 47 2 0 34 42 38 1 49 39 15 47 0.73
18 4 8 0 0 3 0 4 3 0 15 12 1 0 0 3 0 3 0.32
0 3 0 11 11 0 0 0 2 10 0 0 4 10 10 2 0 0 0.33
0 0 0 22 0 47 33 44 0 31 135 34 40 38 31 4 160 0 0.63
9 0 3 3 4 3 0 6 0 0 2 0 3 0 0 14 8 0 0.28
4 6 0 0 0 0 0 3 0 0 0 3 1 5 0 0 4 0 0.14
5 3 7 3 17 0 0 0 7 1 0 4 10 1 6 0 0 18 0.37
3 18 6 1 0 16 6 4 2 3 6 9 4 7 11 3 0 5 0.49
0 14 8 0 14 13 0 11 1 9 0 18 7 0 7 0 18 0 0.51
0 0 0 0 24 40 46 0 34 0 0 37 21 33 0 0 0 0 0.38
35 0 28 0 42 13 0 0 20 79 0 0 0 32 34 0 1 0 0.45
156 0 4 0 0 37 0 41 4 17 19 0 0 35 0 0 0 33 0.43
5 1 10 7 0 0 0 9 2 6 0 5 8 1 5 9 8 3 0.43
0 0 0 1 6 0 0 0 0 4 0 0 0 0 0 2 0 0 0.07
0 0 0 0 0 0 0 0 0 3 0 2 0 0 0 0 0 1 0.03
11 15 18 6 6 0 13 13 2 7 0 19 9 13 8 3 4 8 0.68
0 0 0 2 7 8 14 9 1 2 2 5 0 1 13 8 0 14 0.41
3 0 4 0 13 1 0 0 3 2 1 7 5 13 14 2 1 10 0.38
51 0 39 0 0 0 85 0 41 49 40 65 0 28 0 37 0 8 0.54
0 2 3 0 0 0 2 3 1 0 0 0 0 0 2 0 6 2 0.11
20 0 36 23 18 9 40 26 34 0 60 9 0 8 0 0 32 13 0.7
2 11 13 3 14 2 0 3 0 5 0 0 0 10 0 2 14 2 0.38
3 5 16 3 8 13 6 0 12 4 0 0 9 6 3 9 1 0 0.48
0 0 6 22 1 0 0 10 2 11 10 17 3 5 0 0 0 8 0.41
0 8 11 2 0 12 0 2 1 8 0 0 0 18 11 0 0 0 0.33
0 2 0 1 0 0 0 1 1 2 4 3 4 5 0 0 0 0 0.12
0 27 51 1 40 0 35 0 0 38 9 0 11 22 3 0 32 22 0.57
6 0 0 9 49 49 9 0 19 7 34 34 39 0 0 0 0 0 0.5
1 3 1 2 0 0 0 6 0 0 0 0 4 0 0 0 0 3 0.11
57 0 0 20 0 50 20 0 40 0 1 37 0 3 41 26 0 39 0.52
0 0 0 9 0 1 2 0 0 9 3 6 0 0 10 1 0 0 0.22
9 0 0 117 0 0 0 0 1 43 7 48 0 25 0 0 23 0 0.37
4 5 3 1 0 9 0 2 2 10 0 1 11 8 4 1 4 1 0.36
2 3 2 4 10 0 0 2 2 1 2 9 14 4 2 3 0 0 0.31
95 10 0 14 0 17 35 0 46 0 2 39 0 0 33 12 0 14 0.56
40 21 5 37 35 52 37 0 49 38 26 31 41 0 4 59 0 49 0.77
0 8 0 12 2 0 5 0 0 0 17 2 7 0 1 0 3 2 0.27
0 0 3 4 0 2 0 3 0 3 0 2 0 0 5 0 0 0 0.12
49 0 3 30 26 19 111 42 0 0 0 0 33 0 14 0 0 0 0.46
0 0 1 4 0 0 0 2 1 0 4 3 0 0 4 0 3 0 0.12
3 5 0 1 5 0 3 0 1 2 0 8 6 0 0 13 0 0 0.24
6 0 0 0 2 1 0 0 0 0 5 2 0 0 0 0 0 3 0.1
0 37 14 0 32 0 97 36 35 0 0 17 35 13 60 49 38 59 0.72
0 3 0 0 0 0 0 0 3 0 0 0 0 0 0 6 0 2 0.07
0 0 0 10 3 11 5 8 2 2 9 14 3 18 5 0 0 1 0.43
1 0 3 3 1 0 4 4 0 0 2 0 0 0 5 1 3 0 0.15
13 3 0 0 19 8 0 0 3 4 1 0 0 3 0 0 0 3 0.24
5 0 3 4 1 0 0 4 0 5 0 3 1 0 0 0 0 5 0.17
10 11 0 11 22 19 0 0 1 1 4 0 0 5 2 6 19 0 0.43
3 0 0 0 3 4 1 0 0 0 4 0 0 4 0 5 3 3 0.16
0 4 2 0 2 13 1 8 0 2 3 4 8 10 7 0 0 1 0.34
84 0 0 30 0 8 33 0 95 42 0 0 35 5 30 0 45 39 0.57
3 0 1 3 5 0 3 1 0 1 0 4 2 0 0 1 3 0 0.15
23 0 37 0 10 0 50 0 35 0 0 0 0 19 0 37 6 37 0.47
0 0 0 0 0 0 2 0 0 3 2 0 2 0 0 2 0 0 0.06
1 6 0 3 3 0 0 2 0 0 6 2 0 0 5 1 4 0 0.18
0 12 0 0 6 0 0 0 0 3 0 4 3 2 0 0 3 0 0.17
0 42 9 90 13 0 146 0 0 46 0 44 25 18 37 106 58 10 0.71
44 60 0 36 16 0 1 0 24 18 8 34 69 0 30 0 36 0 0.6
3 0 0 0 0 0 0 0 4 0 0 0 1 0 0 0 0 0 0.04
3 3 0 6 2 0 1 0 3 0 2 2 0 0 0 6 0 3 0.17
0 0 17 41 26 106 45 0 48 2 19 29 0 53 0 0 0 0 0.51
6 5 3 7 2 0 1 0 10 0 4 1 0 4 13 3 0 0 0.31
0 4 0 2 9 0 10 2 5 0 0 4 0 0 0 3 0 3 0.23
2 0 1 3 0 0 1 3 0 3 0 0 4 0 0 0 0 0 0.09
0 0 2 0 14 3 7 10 0 0 0 0 4 0 6 11 0 0 0.28
0 1 0 5 0 0 2 1 0 4 2 1 0 0 5 0 0 0 0.11
2 3 0 4 5 2 1 0 22 9 8 5 18 0 0 3 11 3 0.41
0 0 41 11 1 28 0 18 36 16 0 37 158 36 0 47 0 0 0.56
0 8 0 2 0 0 0 0 0 7 0 0 5 1 0 2 12 20 0.25
0 0 3 1 0 19 2 2 0 0 0 0 0 9 10 0 0 17 0.26
3 0 0 3 3 0 5 5 4 0 3 7 1 17 4 2 10 0 0.33
0 0 0 4 0 1 2 7 0 1 0 11 5 0 0 0 1 0 0.17
0 0 6 0 0 5 4 0 0 0 5 0 0 0 3 0 0 0 0.12
34 9 130 0 46 34 27 0 0 48 32 0 0 1 40 20 25 9 0.66
4 1 4 0 2 2 4 0 3 0 0 3 2 2 0 1 2 0 0.16
0 2 1 18 1 0 0 0 0 3 0 9 14 6 6 3 1 4 0.31
0 3 0 0 0 0 3 0 3 2 4 0 2 0 0 0 0 0 0.09
3 0 0 3 0 0 2 0 1 0 0 0 0 1 0 2 1 0 0.07
0 3 0 0 0 0 0 4 4 2 0 3 0 0 0 0 0 0 0.08
0 3 0 157 0 56 15 19 39 0 8 0 0 18 0 0 105 0 0.45
0 5 2 3 0 9 0 0 1 1 1 18 1 3 1 10 4 3 0.3
0 1 2 1 4 0 0 0 5 0 0 0 4 0 2 0 1 0 0.11
75 0 45 49 0 0 34 152 39 0 0 29 17 31 152 29 32 0 0.66
0 0 0 1 0 2 0 0 4 0 0 0 4 0 0 3 0 0 0.07
19 0 10 7 0 0 3 0 0 1 13 0 2 10 15 0 2 18 0.41
0 1 0 2 0 0 2 0 5 0 0 0 0 0 0 0 0 0 0.05
0 0 5 0 0 0 0 10 0 0 0 0 2 4 0 0 3 0 0.13
2 1 2 0 0 0 2 4 4 2 3 0 0 0 0 0 1 0 0.11
0 14 0 0 0 7 14 1 0 3 11 12 0 0 6 0 3 1 0.33
4 5 2 4 2 5 0 0 6 1 0 18 18 1 4 14 23 10 0.46
4 7 13 3 13 0 16 7 0 8 9 0 1 3 0 10 7 7 0.53
2 0 0 2 0 0 2 4 0 1 0 0 0 0 0 5 0 0 0.08
2 0 1 3 6 0 0 0 2 2 0 0 0 3 0 0 6 0 0.13
0 40 23 0 0 11 15 0 38 10 19 24 29 17 0 42 0 18 0.66
0 0 4 0 11 0 6 0 6 0 6 9 0 10 9 3 3 1 0.37
0 2 4 0 0 7 0 0 10 7 0 3 0 0 13 19 9 9 0.39
50 0 53 0 30 0 58 0 0 34 0 0 0 53 0 51 14 36 0.5
0 9 0 0 0 3 0 12 19 0 1 1 3 7 9 5 0 1 0.32
0 0 0 2 0 3 0 0 1 0 2 0 1 2 0 0 0 0 0.06
34 0 0 0 0 8 100 38 12 0 30 0 15 16 13 0 0 40 0.54
0 17 6 4 4 12 11 0 3 2 0 4 3 0 4 0 0 2 0.34
2 1 3 0 2 0 4 0 1 0 1 1 0 0 0 3 2 5 0.13
4 0 0 10 2 9 7 0 0 7 1 6 5 3 10 0 10 4 0.43
0 10 5 3 8 0 0 5 0 0 9 0 1 16 11 5 0 0 0.36
7 4 0 20 2 3 6 14 0 8 0 17 1 0 3 7 1 19 0.45
0 0 4 0 0 1 0 0 0 7 1 0 7 1 10 1 19 12 0.28
34 23 44 20 0 9 46 0 0 0 0 0 15 109 0 0 3 25 0.51
28 38 33 5 2 7 11 94 38 37 0 0 48 0 41 2 0 7 0.62
5 9 8 0 5 9 5 2 2 0 7 0 0 6 0 0 8 13 0.42
0 0 2 1 0 0 3 0 5 0 1 0 1 1 3 0 0 0 0.09
0 3 0 0 2 3 0 0 0 0 0 0 0 0 1 0 0 0 0.05
34 31 106 33 92 51 0 0 28 42 0 0 0 0 34 32 33 23 0.66
0 2 5 0 0 0 3 0 0 0 0 3 14 7 3 0 3 8 0.24
0 0 0 39 11 0 30 0 0 24 0 0 8 0 38 48 34 0 0.43
0 36 0 13 0 0 36 53 25 9 35 0 32 93 36 36 0 0 0.6
0 0 0 0 0 0 0 1 0 0 0 1 0 0 6 0 6 0 0.07
1 17 14 9 0 0 3 9 4 1 3 3 0 0 7 11 2 6 0.43
23 0 35 0 42 0 45 13 31 46 47 24 87 0 0 0 13 0 0.61
45 48 36 24 0 0 7 50 0 43 0 54 0 14 39 47 40 37 0.7
14 14 3 1 0 1 1 11 13 0 5 3 1 7 2 5 1 0 0.38
0 5 5 8 0 10 8 10 5 3 0 0 12 2 4 0 0 0 0.38
4 0 5 0 1 18 4 0 6 0 3 20 2 13 4 0 18 3 0.4
4 6 0 5 8 8 21 1 0 6 9 0 22 3 2 6 1 6 0.47
0 0 3 0 0 0 4 3 0 14 3 13 0 14 0 5 17 0 0.32
0 3 5 2 4 3 0 1 6 1 6 0 1 22 10 1 0 8 0.33
43 54 5 60 32 0 0 0 30 0 37 0 39 33 9 18 15 40 0.68
3 0 0 0 0 6 0 0 0 0 0 0 0 5 0 0 0 0 0.07
6 12 11 0 2 2 8 3 7 0 0 0 0 16 0 3 0 0 0.33
4 5 0 1 0 6 2 1 5 5 3 9 23 9 4 20 0 0 0.41
7 0 0 1 0 5 4 0 3 0 0 8 17 4 14 0 9 0 0.33
4 0 6 4 1 0 10 12 5 19 0 3 0 0 2 3 0 0 0.32
12 3 0 0 14 2 0 4 0 2 2 0 8 5 1 4 3 15 0.35
3 2 0 3 7 4 13 0 2 0 0 6 0 0 7 2 8 0 0.3
0 0 1 0 0 0 0 0 0 0 0 0 0 6 0 2 4 0 0.07
0 0 0 0 0 43 45 36 0 25 28 0 46 25 0 0 21 26 0.5
6 1 0 9 0 0 0 8 1 12 6 0 0 0 0 0 9 0 0.27
2 3 3 3 2 0 8 0 8 10 1 0 1 13 10 3 8 2 0.41
3 0 0 1 0 0 0 2 0 0 0 0 0 0 0 0 0 0 0.03
1 1 0 2 0 0 1 3 0 0 0 1 0 0 6 0 0 0 0.08
0 31 39 27 0 41 1 30 0 0 10 0 8 0 136 34 16 0 0.54
44 81 0 0 33 0 17 41 18 0 17 58 8 21 0 28 38 34 0.71
0 4 0 0 1 0 0 3 0 0 0 0 0 2 4 2 0 0 0.08
0 1 0 1 0 11 5 6 3 3 3 7 1 7 5 0 2 0 0.3
3 0 12 0 0 0 3 0 0 11 0 0 0 19 9 3 1 0 0.27
0 47 41 39 91 39 19 0 0 0 0 31 71 34 2 0 32 0 0.56
5 0 13 6 0 4 0 4 0 4 0 7 4 0 13 10 0 0 0.35
4 21 11 12 1 1 0 5 3 4 4 13 3 2 0 3 18 0 0.44
0 0 0 1 0 0 39 38 0 152 39 2 40 34 51 51 34 36 0.57
38 34 0 0 0 0 15 0 8 0 0 0 46 2 31 91 36 0 0.44
11 5 2 2 2 0 0 0 3 2 3 10 8 0 9 6 14 18 0.45
33 0 69 0 48 43 160 31 10 64 29 59 28 8 0 40 40 35 0.82
0 2 2 0 2 2 0 2 6 0 0 0 0 0 0 0 6 3 0.13
0 0 0 0 0 3 1 6 0 2 3 0 0 3 0 0 0 5 0.12
1 2 0 4 0 0 0 3 0 2 4 0 0 2 0 0 0 0 0.1
0 2 6 0 3 8 1 0 9 0 0 15 0 6 0 0 0 14 0.3
2 0 5 0 2 3 0 2 0 7 13 20 5 0 3 5 2 8 0.35
0 0 18 0 0 1 0 0 10 8 6 8 4 6 1 2 1 8 0.36
0 0 17 10 1 12 3 7 2 0 0 7 14 0 2 4 5 0 0.39
27 8 0 48 41 27 0 36 44 32 41 36 0 21 0 99 0 0 0.65
0 0 0 2 0 13 6 0 5 0 3 14 11 1 0 10 6 0 0.34
0 45 3 33 0 36 2 0 0 43 5 2 0 0 91 89 38 0 0.45
16 0 0 23 0 36 0 0 39 0 0 20 0 0 0 0 15 0 0.33
10 5 0 6 3 0 4 1 0 2 3 0 0 3 6 3 0 0 0.25
0 0 2 1 1 1 4 2 0 0 0 3 0 2 4 2 0 0 0.12
26 37 0 35 21 19 45 0 43 5 39 4 0 34 53 0 0 43 0.66
6 4 16 23 7 1 0 0 1 7 10 1 4 3 3 0 0 2 0.38
34 49 0 0 46 32 2 10 0 0 14 0 0 40 0 0 3 30 0.47
0 3 1 4 0 3 0 0 1 0 1 0 0 4 0 0 0 0 0.09
1 1 13 0 9 1 18 1 14 6 10 18 19 6 3 2 6 0 0.53
0 2 0 2 3 0 2 0 0 0 0 2 0 0 0 0 0 3 0.07
0 0 4 0 0 6 0 1 0 0 0 0 0 0 3 0 0 1 0.08
1 3 0 1 11 10 2 0 0 8 0 6 4 0 1 0 0 9 0.3
4 0 0 0 0 0 0 0 0 0 4 3 0 1 3 0 0 2 0.09
0 1 0 5 2 1 0 3 0 0 0 4 1 1 0 0 0 3 0.11
1 0 3 10 4 1 16 0 20 23 3 0 9 3 4 0 3 21 0.45
10 0 0 0 0 0 0 6 0 3 3 0 0 0 13 0 0 1 0.18
4 10 1 6 6 2 0 2 9 0 18 3 0 3 0 0 10 0 0.36
0 2 4 0 0 0 0 0 3 3 1 0 2 0 5 5 0 0 0.13
0 3 0 0 13 1 0 5 0 13 9 1 1 9 0 3 0 2 0.3
0 0 6 2 4 0 0 0 4 0 3 3 0 1 0 0 4 1 0.15
3 0 4 6 0 0 0 0 0 4 1 4 4 0 0 5 0 0 0.17
17 7 8 4 1 0 4 2 8 0 0 7 4 12 0 0 7 0 0.4
50 39 118 24 34 7 87 0 0 9 33 142 37 0 32 96 49 56 0.81
1 0 10 0 0 4 5 0 7 8 0 0 9 4 15 2 4 3 0.37
53 0 35 0 0 34 0 39 10 23 0 6 27 0 0 2 0 41 0.48
0 0 2 0 3 2 1 0 0 12 5 13 0 1 0 3 9 10 0.31
1 0 0 0 0 0 0 0 0 0 3 0 0 0 0 4 0 0 0.04
0 7 117 36 4 4 23 0 43 153 0 50 19 52 0 0 27 0 0.58
36 0 0 25 34 22 17 0 0 33 11 43 9 0 50 39 0 37 0.66
9 7 5 0 0 0 0 0 13 3 2 3 5 0 4 13 14 7 0.41
8 0 0 0 6 0 0 0 2 10 1 5 13 2 9 24 1 0 0.35
0 0 3 0 0 0 3 1 0 0 0 0 0 0 2 0 1 4 0.07
0 1 7 5 4 9 10 12 6 5 9 18 1 3 2 19 1 0 0.51
13 12 2 0 6 17 9 4 0 8 0 0 3 4 0 17 3 4 0.46
10 3 2 2 0 0 0 0 7 14 4 0 6 10 4 0 0 6 0.35
19 16 0 33 31 38 0 0 47 0 39 38 0 30 1 34 40 0 0.61
0 8 18 0 8 1 0 0 1 3 6 11 19 0 0 0 6 0 0.35
2 6 6 0 19 1 14 0 1 1 0 0 3 4 3 4 1 0 0.28
0 0 0 0 0 0 0 3 3 0 0 0 0 0 0 0 0 0 0.03
18 16 3 3 0 16 0 2 19 3 2 1 0 0 0 0 3 10 0.37
0 0 3 4 0 5 0 2 0 1 0 0 4 0 0 4 2 1 0.14
12 1 13 0 8 10 6 0 0 0 9 0 4 0 6 7 0 1 0.4
0 0 29 6 0 0 21 0 31 48 0 49 47 0 0 50 0 0 0.42
1 8 3 6 5 17 0 15 8 0 0 3 1 0 4 0 0 10 0.38
4 3 15 7 2 3 3 0 0 3 14 14 0 4 2 4 0 0 0.36
36 31 46 21 18 0 0 34 0 49 39 27 32 10 9 40 34 46 0.82
0 43 0 49 0 0 33 33 0 41 43 31 0 0 0 0 34 39 0.5
1 0 0 6 6 10 0 15 7 0 14 12 0 2 13 8 0 2 0.45
2 3 1 3 2 0 0 1 1 0 0 2 0 0 1 0 1 0 0.09
0 0 2 0 1 3 0 0 0 0 0 0 0 0 0 1 1 0 0.04
0 0 0 1 0 0 6 2 0 0 0 0 0 0 0 0 0 0 0.04
9 0 4 7 0 0 5 1 0 0 10 0 10 1 0 1 0 22 0.32
12 3 0 0 0 3 6 0 0 0 0 3 13 3 5 16 0 1 0.3
10 0 7 5 1 10 13 4 2 3 4 5 1 5 0 1 8 2 0.43
0 0 0 3 1 2 7 1 10 3 0 0 12 12 7 10 2 3 0.38
0 0 0 1 0 1 0 0 0 0 0 0 0 1 0 0 4 0 0.03
0 1 9 0 6 2 0 4 10 0 1 4 8 0 1 22 1 1 0.32
3 6 2 0 3 0 2 0 0 0 0 5 6 1 4 5 2 1 0.22
0 0 0 7 0 0 0 5 3 5 13 0 12 2 2 1 4 1 0.27
0 7 0 40 9 19 0 75 0 36 48 0 0 20 0 36 0 40 0.53
7 5 0 1 1 2 6 0 7 1 8 12 20 8 5 9 2 1 0.46
0 33 0 35 0 57 28 0 45 0 0 0 36 135 38 61 41 0 0.55
0 0 3 0 0 0 0 1 1 8 0 0 8 0 0 14 3 2 0.2
0 0 4 2 1 2 2 2 2 4 0 2 6 2 0 0 3 0 0.17
39 15 19 56 9 26 0 45 15 0 0 10 29 0 0 0 42 38 0.66
121 6 47 37 0 33 32 0 0 77 0 2 0 9 0 0 53 41 0.53
3 1 0 0 0 0 0 4 3 0 1 0 10 9 2 0 0 10 0.23
4 1 0 0 12 6 1 3 5 2 8 2 1 0 0 1 6 10 0.33
40 0 36 0 25 31 3 19 0 0 154 22 47 58 0 0 0 28 0.57
2 3 0 0 0 0 0 2 0 2 1 0 6 0 1 0 0 0 0.09
0 94 38 0 9 0 58 8 0 0 4 0 0 79 0 39 0 0 0.39
6 4 0 0 1 0 3 0 0 0 0 1 3 0 0 0 0 6 0.13
0 3 1 1 14 0 2 3 0 0 0 3 0 7 6 0 1 2 0.21
0 4 0 0 0 0 1 0 0 3 0 1 0 0 4 0 5 0 0.1
2 3 0 16 0 0 0 0 0 5 0 0 9 4 2 13 7 3 0.3
10 1 5 5 0 24 1 13 22 11 5 5 0 8 0 3 8 0 0.5
32 30 28 35 36 28 28 0 45 0 0 4 33 0 12 8 0 8 0.66
2 3 2 3 5 5 21 0 12 1 0 4 0 2 0 0 6 2 0.3
1 6 5 0 3 3 0 2 8 0 5 0 1 19 7 0 3 0 0.3
0 0 49 19 0 26 0 0 0 35 14 22 21 0 4 0 8 0 0.45
27 0 0 18 32 35 35 56 26 31 0 38 31 11 0 41 63 4 0.74
0 0 0 3 0 0 0 14 0 0 0 11 0 2 0 0 16 10 0.25
6 0 0 0 0 8 17 6 0 0 1 3 0 0 9 2 2 0 0.26
3 1 0 1 2 0 0 4 0 0 0 0 1 3 0 0 0 0 0.08
0 16 1 0 9 4 0 0 5 5 0 1 0 24 0 2 1 0 0.26
2 0 9 0 13 3 6 1 2 0 0 0 0 0 0 9 2 8 0.28
3 0 5 5 17 0 2 10 2 0 5 3 6 8 1 4 0 1 0.36
10 11 0 1 10 0 3 0 0 0 0 19 8 0 0 0 8 0 0.33
2 14 0 0 8 7 3 0 1 0 1 2 8 0 0 0 0 3 0.25
15 19 0 47 36 34 0 30 1 35 0 0 9 98 0 0 36 23 0.61
0 0 1 0 0 4 2 0 0 2 0 0 3 0 0 2 4 0 0.09
3 0 1 0 0 0 1 5 0 6 1 3 0 0 0 1 0 5 0.14
0 0 0 5 3 4 0 4 0 6 0 4 5 0 0 0 0 1 0.17
3 0 1 0 6 0 1 3 0 2 0 0 0 0 0 0 0 0 0.08
0 0 0 0 2 2 2 3 0 2 0 0 0 1 2 1 0 4 0.1
5 2 1 0 3 2 0 3 8 5 14 4 4 10 0 4 6 0 0.37
5 0 0 0 1 4 0 0 0 0 1 0 1 1 4 0 0 1 0.1
0 4 3 3 11 1 0 0 0 0 9 8 0 17 2 12 13 0 0.38
3 44 36 38 34 88 25 0 0 42 31 0 0 43 0 0 51 82 0.62
0 2 3 5 9 14 0 7 3 0 10 0 0 0 0 8 0 6 0.34
0 8 1 0 14 0 5 14 9 14 0 1 8 2 9 0 2 5 0.44
6 2 0 2 0 3 0 11 4 12 8 1 0 3 0 0 10 0 0.32
3 0 0 4 1 0 0 0 2 0 0 0 0 2 3 0 0 0 0.08
1 0 2 0 8 1 0 1 9 18 6 9 19 15 10 0 2 10 0.49
4 0 16 16 2 3 2 3 3 2 8 0 0 0 2 2 5 3 0.32
0 0 13 0 0 2 15 10 11 1 14 6 0 4 3 3 0 18 0.43
7 10 32 20 0 42 0 0 39 0 33 0 11 34 19 46 0 0 0.59
2 3 7 19 1 0 0 0 0 0 1 0 2 0 0 2 5 0 0.18
0 0 0 0 0 1 0 3 1 0 3 0 0 2 0 0 0 0 0.05
8 0 0 0 1 0 3 18 5 12 4 0 10 0 5 10 13 3 0.43
0 0 0 5 0 1 0 2 0 2 0 7 13 1 3 0 0 16 0.22
7 0 1 3 2 0 6 13 0 19 1 3 5 9 0 19 0 3 0.38
7 1 1 18 4 6 8 4 6 5 8 3 3 0 0 3 0 6 0.41
0 9 6 4 3 12 0 6 0 0 18 1 1 1 2 1 22 11 0.41
7 2 6 19 1 3 15 8 4 5 14 7 5 0 6 13 1 14 0.58
33 2 0 38 40 5 13 0 0 0 15 7 0 15 17 157 0 23 0.57
1 3 2 5 9 4 14 22 8 3 6 10 15 2 0 0 10 10 0.57
0 26 6 41 0 46 48 0 31 33 0 0 48 35 0 0 0 23 0.53
19 3 11 0 8 2 3 4 4 1 1 21 2 3 20 0 0 10 0.44
0 2 6 0 3 7 0 0 3 0 0 5 0 10 0 3 10 6 0.3
14 10 1 2 0 7 12 4 8 5 0 1 0 0 14 4 2 0 0.41
0 40 0 10 0 40 0 35 42 0 40 0 21 37 3 50 19 0 0.57
45 4 0 0 0 0 0 18 47 24 0 0 6 135 0 24 8 37 0.48
0 0 0 0 0 0 0 4 2 5 0 0 0 3 0 4 1 0 0.1
1 6 9 14 0 10 8 1 0 0 0 2 0 0 3 3 12 0 0.35
0 0 0 0 0 1 2 0 2 0 6 0 0 1 0 3 0 0 0.08
2 0 0 0 3 2 0 2 0 1 1 0 0 0 0 1 3 3 0.1
0 3 2 0 0 5 0 0 0 0 0 3 1 0 8 0 0 2 0.13
0 0 131 42 51 0 19 0 19 39 0 0 30 14 0 99 0 47 0.55
13 1 0 0 10 5 9 2 4 2 13 0 5 0 5 3 0 3 0.38
7 19 5 6 1 1 2 3 14 3 2 1 5 3 9 2 9 4 0.46
2 11 9 0 0 0 0 0 9 0 2 0 4 13 0 0 7 4 0.31
38 32 0 37 0 31 0 34 36 0 0 0 0 17 0 14 24 31 0.55
34 34 0 25 0 39 30 0 36 35 0 28 0 16 15 0 0 32 0.61
0 3 0 1 2 0 0 0 0 4 1 1 0 0 1 0 0 0 0.07
2 17 2 10 3 1 0 2 0 18 0 24 9 3 4 6 3 12 0.47
0 75 0 36 28 39 41 0 39 31 11 126 12 0 0 0 3 0 0.57
4 1 1 0 0 2 1 18 0 12 0 2 3 6 1 3 21 10 0.35
20 5 0 12 12 0 39 0 0 0 27 10 39 50 0 0 0 0 0.47
