21 9 0 8 0 5 0 8 1 3 5 10 2 5 9 6 4 13 3 3 0.5
0 0 3 0 0 1 0 0 0 0 0 1 0 0 0 0 2 3 0 3 0.06
0 0 0 0 0 0 0 0 0 0 2 0 1 0 0 0 0 0 0 0 0.01
4 0 4 4 0 9 2 0 0 1 13 1 0 1 2 13 2 0 0 7 0.28
16 3 0 4 0 0 16 1 12 2 3 0 0 0 0 0 11 1 0 7 0.3
0 0 1 0 3 0 2 3 3 12 8 0 7 3 0 0 0 12 4 0 0.27
3 0 2 1 0 9 2 3 2 0 7 4 14 3 0 0 0 1 1 0 0.24
0 9 16 3 6 0 4 12 0 10 7 0 2 0 4 5 13 6 1 7 0.46
0 1 5 0 0 0 1 5 0 0 0 0 3 0 0 6 3 0 0 0 0.12
3 2 6 0 0 10 0 3 9 0 2 1 5 0 0 0 1 2 4 5 0.26
16 0 0 3 3 8 16 0 4 2 3 8 1 0 5 0 0 0 3 1 0.3
0 2 13 1 0 3 1 0 6 0 0 0 10 8 0 3 8 6 0 1 0.29
2 0 0 0 2 0 3 0 0 0 0 5 0 2 0 0 3 5 0 0 0.11
5 3 9 1 1 7 4 0 5 0 1 7 1 14 0 5 6 0 5 3 0.36
0 29 0 0 40 0 27 4 54 42 50 0 19 4 20 0 0 0 7 5 0.5
5 0 1 15 4 3 13 0 0 2 1 6 13 3 7 5 2 2 12 11 0.45
19 3 0 0 3 0 0 0 6 12 1 19 0 13 0 0 0 0 15 0 0.31
0 0 7 40 89 32 0 41 100 42 0 0 13 0 0 0 21 5 37 41 0.56
32 0 32 0 42 40 20 7 0 0 0 0 0 6 0 0 56 0 81 23 0.46
0 14 0 10 15 3 15 0 3 3 0 0 3 0 19 13 4 4 8 2 0.45
0 0 0 3 1 0 0 4 0 0 0 3 0 0 0 2 0 0 2 1 0.08
0 0 0 6 0 0 0 0 0 2 0 0 0 0 0 0 0 0 0 0 0.04
17 2 3 9 6 3 2 0 0 5 1 3 0 10 19 10 11 6 0 11 0.49
13 0 10 6 2 8 14 2 16 4 2 14 7 8 7 0 2 5 0 2 0.52
0 13 0 12 2 2 19 1 1 5 1 2 5 2 0 1 0 9 8 10 0.39
0 2 0 0 2 2 0 4 4 0 6 0 2 0 2 3 3 4 0 0 0.17
34 56 45 26 56 0 0 0 50 16 13 0 35 6 0 9 23 0 0 33 0.62
2 0 0 3 0 3 1 0 1 4 0 0 0 0 0 4 3 0 3 2 0.12
0 0 2 4 0 1 0 2 0 0 2 1 2 0 3 0 0 0 4 0 0.1
8 0 0 10 0 3 0 0 0 16 0 15 0 0 14 3 0 14 6 4 0.37
0 0 4 2 2 0 0 3 0 0 1 0 1 0 3 0 0 0 0 2 0.09
0 0 2 0 1 1 0 0 4 2 1 0 0 5 3 0 3 0 0 0 0.11
0 0 1 1 1 0 0 4 1 0 0 0 0 3 0 0 3 0 2 5 0.1
19 0 47 41 9 18 0 36 0 19 30 9 28 39 0 38 6 41 104 58 0.77
0 43 19 0 47 34 44 0 14 50 21 34 45 9 0 22 29 0 41 0 0.69
0 0 0 0 3 3 5 3 0 0 0 0 3 0 4 0 0 0 6 3 0.15
0 0 0 0 2 0 0 0 0 0 3 0 3 1 0 0 4 3 0 1 0.08
7 20 24 24 0 0 0 23 0 21 0 2 3 0 14 0 0 0 0 19 0.4
0 10 1 4 0 0 3 0 4 1 1 18 6 1 21 2 5 16 0 0 0.34
2 8 22 3 13 0 10 3 0 0 2 3 0 18 2 0 0 0 7 7 0.38
4 6 0 0 0 8 0 0 0 7 10 4 0 0 12 0 1 1 5 2 0.29
3 3 0 0 0 0 0 0 0 0 0 2 0 0 2 0 0 4 2 0 0.08
35 32 11 0 59 11 0 0 3 17 1 24 42 0 145 0 38 0 40 0 0.56
9 0 0 3 0 0 0 0 14 10 1 4 0 0 1 6 0 5 4 0 0.26
6 0 0 0 0 3 0 0 0 0 4 0 1 0 3 10 2 0 8 2 0.19
0 3 0 0 16 2 0 0 7 9 0 1 2 0 10 3 0 12 0 9 0.33
37 18 10 38 36 31 15 0 0 0 0 1 34 35 0 59 18 0 0 5 0.58
0 3 27 125 0 33 38 38 0 38 0 0 0 0 0 1 7 46 0 51 0.45
0 3 0 0 1 3 0 0 0 0 4 0 0 0 0 0 1 3 4 1 0.1
0 29 0 11 31 0 49 135 0 33 0 0 0 26 0 0 0 0 0 0 0.35
0 7 6 6 8 12 14 2 0 5 13 0 4 13 4 4 20 2 0 2 0.5
0 51 75 0 34 0 15 0 20 0 0 22 0 51 79 0 28 21 0 11 0.55
9 0 0 2 0 3 0 0 0 8 0 19 0 0 0 12 14 0 0 5 0.28
0 0 1 1 1 6 1 3 3 0 0 0 0 0 2 2 4 11 2 0 0.18
1 2 3 4 1 4 3 3 0 2 2 9 3 14 1 0 1 0 9 10 0.34
0 0 0 0 5 2 1 2 0 1 1 0 2 2 0 0 1 0 0 3 0.1
0 0 0 0 2 6 0 0 4 0 0 0 3 0 2 4 0 0 4 0 0.12
1 0 0 4 4 0 1 0 0 0 0 0 2 3 4 5 2 0 3 0 0.14
0 0 1 4 0 0 2 3 2 0 0 4 0 3 3 3 3 1 0 0 0.14
5 15 0 0 4 7 11 8 0 4 0 0 2 5 3 6 17 0 19 0 0.41
0 3 4 0 1 3 2 2 0 2 1 0 0 0 0 0 0 0 3 1 0.1
5 3 0 1 1 1 0 0 1 0 2 0 0 0 2 2 0 4 2 1 0.12
3 3 5 1 2 13 3 8 0 0 3 0 0 5 9 0 12 10 2 23 0.42
2 10 0 0 2 0 8 0 0 3 4 6 0 1 0 0 2 0 9 0 0.23
54 0 0 26 0 21 2 12 0 37 8 38 0 0 152 0 33 24 98 30 0.6
1 0 0 0 5 0 0 11 5 13 0 18 3 7 13 0 0 0 9 0 0.35
19 0 1 3 3 5 13 0 0 5 5 14 0 1 5 0 1 0 1 0 0.29
20 9 1 0 3 0 20 2 0 6 0 3 3 5 0 2 2 10 4 18 0.4
0 3 0 0 3 0 0 3 0 3 0 6 0 0 0 2 0 0 0 0 0.09
0 10 12 5 16 2 2 5 1 0 0 10 3 0 1 7 10 5 2 3 0.43
7 2 6 0 7 12 0 7 2 1 8 2 3 0 8 0 0 0 7 2 0.36
0 0 0 1 0 0 0 5 3 1 0 1 3 0 1 0 0 0 5 0 0.1
0 2 3 0 0 3 0 2 0 0 0 0 0 2 2 0 0 0 0 0 0.07
23 22 25 0 7 38 23 90 32 0 3 57 0 26 39 39 36 43 40 0 0.75
0 7 0 0 0 1 0 0 0 3 0 0 2 0 2 7 15 0 0 9 0.2
20 5 13 3 3 1 8 0 1 0 0 2 4 0 0 0 0 5 0 2 0.27
8 0 3 5 0 2 0 0 6 0 5 4 4 9 16 1 3 0 4 2 0.33
5 6 8 6 3 9 13 11 0 6 0 5 18 0 9 0 2 0 0 2 0.45
0 2 3 0 0 4 0 0 0 3 15 0 0 1 0 0 6 0 0 0 0.14
21 6 0 4 0 6 1 3 10 6 14 0 3 13 0 8 2 0 6 0 0.42
70 0 89 40 36 29 37 27 23 36 0 0 40 35 24 0 86 0 0 12 0.7
5 0 6 23 1 1 2 0 0 2 5 5 0 0 0 1 6 6 1 1 0.25
0 3 1 0 0 4 1 0 3 2 1 0 1 2 0 0 0 6 0 0 0.12
10 9 10 17 5 0 2 0 1 7 3 9 0 1 3 2 10 12 21 1 0.51
0 3 2 3 2 0 3 0 0 0 0 1 3 0 0 0 0 0 0 0 0.08
2 9 3 2 11 5 0 10 3 3 2 0 6 0 0 8 2 0 8 6 0.39
0 0 0 1 0 0 0 0 0 1 0 1 0 0 1 0 2 4 2 0 0.06
17 3 4 0 8 4 3 4 7 2 0 0 0 0 2 2 0 6 0 18 0.32
2 0 0 6 0 7 0 0 3 5 7 6 12 3 14 3 0 5 0 11 0.38
23 9 0 0 0 45 57 6 2 0 0 0 7 0 9 41 0 40 11 0 0.46
0 48 4 26 25 57 24 18 34 0 0 35 0 89 87 31 39 0 28 4 0.69
14 4 0 0 33 34 2 0 0 0 0 7 41 4 11 31 0 6 55 0 0.46
0 6 3 3 4 2 0 1 1 2 3 7 12 8 5 5 0 5 2 5 0.36
0 1 9 2 2 1 9 3 4 1 6 0 6 12 1 24 10 1 0 7 0.41
0 0 0 0 3 1 0 0 9 4 0 0 7 0 9 3 6 3 0 0 0.22
0 0 0 0 0 0 22 0 0 39 0 78 33 26 0 41 0 50 4 0 0.37
9 11 5 0 0 24 0 21 10 8 11 0 3 12 0 4 3 4 9 0 0.52
31 7 0 12 10 55 23 17 0 22 0 74 0 0 61 25 30 49 86 22 0.73
3 10 0 0 0 3 4 6 3 0 0 0 0 0 1 1 11 0 0 0 0.2
0 13 0 0 5 3 0 2 0 2 11 11 4 1 0 4 0 13 0 2 0.31
0 4 0 1 0 0 0 3 2 0 0 1 2 1 4 0 0 0 1 0 0.09
15 37 0 47 0 33 0 0 0 32 1 0 36 0 58 0 0 18 0 30 0.45
10 0 0 1 4 0 13 8 17 6 0 0 2 0 0 0 6 1 2 0 0.29
0 0 15 1 1 0 1 0 0 0 5 0 3 0 3 0 0 0 3 0 0.13
1 3 1 12 10 0 7 0 2 0 0 0 2 0 0 8 0 0 0 10 0.27
1 0 1 5 0 11 4 13 0 2 3 0 9 7 13 0 11 14 1 16 0.46
0 0 32 0 8 43 8 36 71 0 0 0 109 0 149 47 16 16 75 0 0.58
0 0 4 1 0 0 0 0 0 0 0 0 0 2 0 0 4 0 1 1 0.06
0 0 0 0 0 0 3 2 0 1 3 0 0 0 0 0 3 0 1 0 0.06
0 22 12 0 0 61 41 34 0 8 36 21 29 32 0 36 0 0 0 35 0.59
6 0 0 0 0 3 0 3 0 0 0 5 0 0 3 0 0 0 0 0 0.1
0 0 1 5 0 0 0 1 0 4 0 0 0 4 3 1 0 0 2 0 0.1
0 0 2 0 0 0 3 0 0 0 2 9 0 0 17 15 0 9 0 0 0.22
0 11 2 0 0 8 12 3 2 0 12 0 0 0 3 10 0 5 6 9 0.39
4 2 1 2 0 6 0 4 0 5 1 3 1 7 2 5 1 9 2 3 0.29
2 0 3 10 0 0 17 7 10 5 0 0 0 0 1 7 2 1 0 4 0.31
0 0 4 4 22 6 0 1 0 0 12 14 8 5 0 0 1 1 6 3 0.34
0 4 0 0 0 3 2 0 4 2 0 3 0 2 0 0 2 3 0 0 0.12
2 13 1 0 4 9 3 0 2 0 1 9 6 16 10 18 6 3 3 0 0.44
0 0 141 28 0 16 0 50 8 12 0 37 0 30 10 64 0 0 0 33 0.54
29 14 41 0 0 32 31 6 0 0 32 36 31 6 114 0 0 0 40 9 0.6
2 11 1 11 4 0 13 0 0 0 3 0 16 2 8 0 4 1 0 10 0.37
0 0 0 8 0 0 0 0 6 0 2 0 11 0 3 0 0 10 2 2 0.21
6 1 0 0 0 3 4 0 0 1 0 1 0 0 3 0 0 6 0 4 0.14
1 9 8 0 0 2 3 9 0 3 0 2 0 17 3 0 2 4 12 23 0.38
0 3 1 20 24 9 7 0 1 3 0 3 4 6 1 3 13 2 12 0 0.41
13 5 14 3 12 9 8 0 0 1 18 0 14 0 12 0 15 3 2 0 0.5
0 5 4 5 13 13 0 0 19 14 11 10 5 3 3 9 16 0 3 0 0.53
40 44 0 37 25 100 34 35 0 37 23 32 0 0 0 39 0 51 0 3 0.61
0 0 11 36 43 57 0 20 0 0 20 129 0 21 14 0 0 33 0 0 0.5
0 0 3 6 3 0 0 3 5 3 1 3 0 0 9 4 4 11 6 0 0.29
0 0 0 2 0 3 0 3 3 1 0 2 0 2 3 0 0 0 0 0 0.09
8 3 0 1 0 3 0 2 10 10 3 0 0 16 10 0 20 2 23 0 0.4
4 16 0 1 17 6 0 3 0 9 2 1 0 0 12 7 6 10 0 1 0.39
0 3 0 0 0 0 0 3 0 0 4 0 2 0 0 0 0 0 2 0 0.07
0 4 0 0 1 0 2 5 0 0 0 0 0 0 4 1 0 4 3 4 0.14
15 7 0 2 12 1 0 0 16 3 2 10 3 2 9 0 0 0 0 0 0.34
0 14 0 4 0 0 0 0 0 0 0 0 17 0 0 5 2 0 18 3 0.21
0 0 120 0 20 74 0 37 0 36 0 60 23 36 42 19 1 18 0 59 0.6
2 6 0 0 0 2 0 1 1 3 0 17 0 6 3 2 2 0 17 0 0.24
6 0 0 16 3 5 7 1 9 12 11 0 24 0 3 0 8 1 12 0 0.46
50 0 0 0 26 0 0 0 0 3 37 0 0 25 0 9 32 0 39 0 0.36
0 57 18 0 38 39 41 0 0 0 0 21 0 0 0 0 50 45 21 0 0.45
0 32 27 50 0 10 37 10 32 31 83 36 92 0 27 0 17 0 94 55 0.75
33 36 46 32 11 23 12 0 0 0 9 0 0 48 0 0 38 25 13 0 0.59
0 3 1 2 3 2 0 2 1 5 0 0 3 4 1 0 0 0 0 2 0.14
0 1 0 15 7 0 10 4 0 13 0 0 0 0 0 9 0 8 0 7 0.33
3 2 2 2 0 0 2 0 0 0 1 3 1 0 3 2 0 13 0 4 0.17
22 3 1 0 8 12 3 14 11 1 11 2 1 14 0 4 7 4 0 24 0.51
0 0 0 0 0 0 0 1 0 0 4 2 1 0 1 4 0 2 0 4 0.09
6 0 0 0 14 0 0 34 48 0 25 49 0 46 0 74 34 0 15 7 0.51
0 10 0 4 31 0 30 0 46 159 0 31 48 13 37 0 0 1 0 32 0.52
0 0 5 0 0 3 0 0 5 0 3 3 0 1 0 0 2 4 0 0 0.13
3 6 21 6 0 0 3 6 0 5 0 12 0 0 0 4 1 3 3 0 0.3
0 0 2 5 0 0 1 3 0 1 0 0 3 3 0 0 0 0 5 0 0.11
4 4 5 4 2 4 1 0 4 3 0 0 0 2 0 6 0 0 3 0 0.21
4 0 6 9 0 8 0 0 0 13 7 0 0 0 0 0 1 2 4 3 0.27
2 0 0 1 0 0 0 3 1 0 1 0 3 1 6 0 4 0 0 0 0.11
84 0 31 0 58 42 0 39 40 88 0 0 35 30 0 0 0 4 5 37 0.54
9 2 0 11 11 0 2 0 0 10 0 0 1 0 0 5 0 0 6 0 0.27
4 22 13 3 6 3 7 12 9 0 2 0 0 3 5 3 0 2 4 13 0.45
0 0 0 11 37 0 31 0 23 0 31 0 0 0 0 49 17 32 37 27 0.5
0 1 2 13 7 7 2 0 0 2 2 5 19 3 0 14 1 4 15 0 0.38
0 5 0 1 4 0 0 1 0 2 0 7 13 10 10 0 6 10 0 0 0.33
0 0 1 3 0 0 0 4 3 2 0 0 0 0 2 3 0 0 0 0 0.09
0 0 0 0 0 0 0 0 0 0 0 0 0 0 0 0 2 2 0 4 0.04
4 6 0 0 6 1 1 24 0 6 6 0 0 2 8 4 13 2 0 0 0.33
0 67 0 17 0 36 0 39 0 34 158 0 0 36 0 3 156 68 29 0 0.51
16 20 3 16 1 4 0 1 22 5 0 8 18 7 10 0 0 0 1 0 0.45
0 2 1 4 3 1 6 4 0 6 0 13 3 0 0 11 0 0 6 2 0.29
14 17 0 7 3 0 4 16 5 0 2 0 14 0 0 0 7 5 17 6 0.44
23 2 12 0 7 2 0 5 0 0 0 0 0 4 2 3 7 0 0 6 0.29
0 0 0 3 1 0 5 19 0 2 7 0 11 19 18 8 11 2 0 0 0.39
3 0 4 4 0 0 0 1 0 0 0 2 5 0 0 4 0 0 0 2 0.12
0 0 0 34 80 44 37 2 0 0 33 18 0 8 0 0 0 0 0 41 0.4
0 10 0 0 34 0 14 33 0 0 36 0 18 27 26 43 8 45 8 36 0.63
0 0 42 8 34 0 0 50 0 0 11 32 25 48 0 17 34 0 19 42 0.59
0 0 51 0 18 63 0 0 0 3 0 18 0 139 52 43 49 18 57 0 0.51
33 42 29 0 0 17 130 33 0 42 20 4 6 14 1 33 0 40 53 0 0.65
0 1 1 5 5 1 0 5 3 0 0 0 0 2 1 0 0 0 0 0 0.12
2 1 0 4 0 0 0 0 1 1 5 0 4 2 0 0 0 4 4 0 0.14
0 12 14 10 3 6 0 3 10 4 1 0 0 0 4 9 9 3 14 3 0.47
17 6 39 0 0 61 5 0 41 0 26 44 35 47 0 0 29 0 0 31 0.55
10 2 6 0 2 0 0 2 1 3 1 5 1 21 0 0 7 21 21 0 0.35
3 5 5 0 0 10 8 7 2 3 3 23 0 1 3 19 3 3 0 4 0.39
5 3 0 8 0 0 1 0 0 2 3 18 0 6 12 14 0 0 0 16 0.34
0 1 3 0 0 2 0 0 0 0 0 0 1 3 3 0 2 0 0 4 0.09
2 0 0 9 20 6 3 1 5 4 7 14 3 2 0 4 23 12 10 0 0.48
5 4 12 0 1 5 11 5 1 0 0 0 10 20 0 0 12 3 0 6 0.39
14 19 13 14 0 6 0 3 0 2 8 3 0 2 12 0 4 4 1 6 0.44
0 2 0 0 0 0 2 3 0 0 6 3 1 2 1 0 3 2 0 0 0.12
0 0 0 3 3 5 18 0 10 0 11 16 6 1 0 0 0 14 0 0 0.33
8 3 5 14 1 5 0 8 0 0 13 2 2 3 3 1 15 5 9 10 0.47
40 36 24 0 33 38 35 22 29 0 0 20 0 37 36 80 0 3 110 0 0.66
2 4 0 7 7 0 5 0 0 0 0 4 1 14 1 0 2 14 18 9 0.36
0 45 7 51 0 0 12 0 43 17 0 44 42 39 13 19 41 0 29 39 0.68
0 4 0 3 2 12 0 8 0 2 0 0 0 6 7 9 4 0 7 1 0.31
0 17 3 10 0 11 12 1 10 0 0 1 4 1 0 8 0 0 7 1 0.37
25 0 15 35 25 18 0 56 3 22 19 73 58 56 0 0 98 33 29 134 0.76
3 5 12 9 3 13 2 13 8 3 2 1 2 3 0 2 0 13 0 1 0.42
3 2 4 6 13 2 0 1 4 1 0 0 3 0 2 5 0 4 2 23 0.29
13 0 22 43 84 0 106 0 52 50 50 0 5 70 31 0 31 0 0 33 0.62
0 0 0 0 2 0 0 2 0 0 3 0 0 0 0 0 0 6 0 1 0.07
12 3 4 2 0 2 1 2 9 5 14 14 0 3 22 1 3 9 7 2 0.46
2 11 0 0 9 0 1 0 2 3 0 7 7 11 0 0 5 19 0 0 0.33
30 41 9 12 6 0 47 0 146 36 23 30 0 59 0 32 40 49 0 53 0.72
12 4 9 0 9 3 2 6 0 2 6 1 2 4 10 0 3 11 1 9 0.45
6 0 2 4 0 7 0 1 4 3 2 0 21 3 7 2 0 11 9 2 0.36
1 4 6 8 4 10 0 2 3 10 3 5 1 4 0 3 0 0 0 2 0.33
0 11 1 1 13 3 0 8 0 3 5 4 7 0 0 2 2 10 2 10 0.39
0 10 2 0 0 2 0 9 2 6 5 0 11 9 8 0 2 0 9 2 0.38
0 0 0 0 0 0 2 0 0 0 3 2 0 3 1 0 0 0 1 0 0.06
3 0 2 4 5 7 3 3 0 0 4 0 1 10 2 5 5 2 2 0 0.29
0 1 0 2 4 0 0 4 3 0 0 4 0 3 0 3 3 4 0 0 0.15
2 4 12 0 0 11 6 10 0 0 0 24 4 0 0 0 9 0 0 18 0.37
13 47 27 40 0 47 0 0 8 0 0 48 102 130 43 29 0 0 0 0 0.54
0 100 0 10 0 17 53 12 37 35 0 8 38 35 34 60 4 45 0 0 0.66
6 22 5 0 0 5 3 2 10 0 2 0 2 0 4 2 5 3 1 10 0.35
0 2 0 3 5 0 0 4 0 1 2 0 0 0 0 6 0 0 3 0 0.12
7 0 21 4 9 0 1 4 0 0 6 1 6 13 13 6 3 1 0 2 0.39
0 26 0 10 0 26 0 0 36 49 37 0 18 15 41 0 36 12 141 0 0.6
4 14 0 1 3 0 2 1 0 3 8 0 3 0 15 3 2 0 0 10 0.3
0 1 1 0 0 0 0 0 5 0 0 0 2 0 1 0 1 2 6 0 0.09
2 1 0 0 0 0 0 0 1 4 0 0 3 4 3 1 0 1 0 1 0.1
3 0 1 0 2 20 10 20 1 0 18 6 0 6 0 0 1 0 5 1 0.32
0 34 8 8 0 0 101 0 0 9 35 4 0 0 0 34 0 5 98 34 0.47
2 2 2 0 3 0 2 1 2 2 2 2 0 0 4 0 0 0 2 0 0.13
0 11 2 8 0 0 2 0 0 3 19 4 2 9 0 4 5 3 5 0 0.33
0 8 4 13 8 7 0 3 7 0 10 2 0 6 0 0 0 3 3 8 0.39
21 0 0 31 51 0 39 0 133 14 56 46 0 0 0 0 0 5 42 0 0.47
28 0 19 24 9 0 51 33 31 0 32 35 0 0 12 0 12 22 0 10 0.64
2 6 2 0 2 4 0 3 0 1 0 0 0 1 5 0 1 1 0 1 0.14
0 0 0 5 4 4 4 3 3 3 0 0 0 1 1 4 0 0 0 0 0.16
0 0 0 18 0 17 18 5 0 0 2 10 3 4 0 0 0 0 9 0 0.31
0 2 1 1 6 0 0 0 5 0 0 0 0 0 0 0 0 0 2 0 0.08
4 0 0 2 4 0 0 2 5 1 0 0 0 0 2 0 0 3 0 0 0.11
4 0 5 22 0 23 32 0 0 22 0 0 14 44 47 0 0 51 0 41 0.49
0 0 3 1 3 2 3 2 2 2 6 5 0 0 0 0 5 1 4 0 0.19
0 0 53 12 0 34 32 66 0 41 32 26 40 0 8 0 0 34 26 0 0.59
0 4 0 0 0 4 1 0 0 1 0 0 0 0 0 0 0 2 5 6 0.11
0 25 84 52 34 0 0 0 40 0 31 0 0 39 33 18 0 43 0 0 0.5
0 17 0 0 29 33 10 95 0 0 59 41 33 0 9 15 27 0 0 111 0.59
2 3 0 6 1 0 13 3 3 14 3 5 24 5 23 6 1 12 12 0 0.48
2 0 1 0 0 10 1 0 0 14 3 12 8 2 2 1 17 0 0 0 0.3
0 14 41 32 37 19 21 28 21 57 1 19 37 8 0 0 0 0 6 0 0.62
5 0 0 0 6 5 5 0 0 8 2 0 0 0 7 6 7 8 9 8 0.38
0 2 0 0 0 2 2 0 3 1 4 0 0 0 0 6 0 2 0 2 0.12
14 3 12 9 1 3 0 6 5 0 0 11 24 2 22 2 2 4 0 2 0.44
4 0 0 13 11 0 5 14 6 0 6 0 18 12 10 1 2 0 10 5 0.49
0 1 0 0 0 0 0 0 0 4 3 3 0 4 0 1 1 1 0 0 0.09
1 0 21 1 0 2 0 19 0 2 23 1 18 2 18 17 6 2 6 6 0.44
10 0 6 0 8 14 0 6 16 5 0 6 1 9 2 1 9 0 3 0 0.43
4 2 0 2 0 0 0 0 0 1 0 0 0 0 3 5 4 2 0 1 0.12
0 13 3 0 1 8 0 0 0 2 0 2 2 1 0 10 18 0 0 9 0.29
12 23 4 7 8 5 1 0 2 11 0 5 6 6 13 0 16 11 6 10 0.59
7 3 5 14 0 7 10 1 7 5 0 0 0 0 2 18 9 3 0 3 0.41
2 3 6 16 0 3 6 11 0 0 7 0 15 0 4 0 0 3 0 1 0.32
13 5 9 3 2 0 2 2 0 0 11 4 14 1 11 2 6 1 11 3 0.45
54 0 0 0 51 0 24 24 31 50 36 0 0 50 0 37 40 39 58 0 0.6
3 3 3 3 10 6 0 2 5 2 1 8 2 14 0 24 0 24 0 3 0.4
0 0 0 69 32 1 18 0 4 0 0 0 27 0 40 0 31 6 0 8 0.39
13 42 0 21 10 23 91 41 0 0 51 0 0 0 0 0 31 0 15 89 0.55
8 3 3 3 0 8 0 5 11 7 0 0 0 3 0 12 14 12 0 1 0.4
23 25 0 0 0 0 0 20 0 31 31 0 0 0 47 0 45 20 0 0 0.4
4 3 6 4 0 0 0 2 3 1 3 5 0 0 0 4 1 0 3 0 0.19
0 21 0 0 47 0 33 24 0 19 0 25 6 39 0 39 0 39 42 42 0.58
7 2 3 7 12 0 4 4 0 3 10 0 3 3 6 3 0 1 5 0 0.35
0 87 14 18 0 39 0 21 0 31 47 32 6 50 0 14 44 0 11 0 0.63
34 17 35 2 4 13 0 36 75 0 47 45 0 10 7 14 0 49 31 39 0.71
0 3 14 14 13 0 2 6 1 6 21 13 4 5 23 1 8 1 2 0 0.49
14 0 19 22 4 23 0 0 0 0 75 1 34 0 22 46 27 0 11 0 0.52
0 0 60 31 0 0 25 34 0 0 18 25 40 0 32 0 0 30 16 0 0.5
0 8 14 2 2 20 4 6 6 1 1 0 0 0 2 0 21 0 0 2 0.32
0 14 1 4 0 0 3 4 0 23 9 6 0 12 1 0 2 5 2 22 0.38
6 0 1 0 0 0 0 4 6 3 2 0 0 0 0 6 1 0 1 0 0.15
1 0 0 4 5 2 1 3 0 0 2 6 0 0 1 5 5 0 0 0 0.17
3 0 5 4 0 0 0 0 0 2 0 3 0 0 0 0 0 0 2 2 0.1
0 0 0 0 0 0 4 0 0 2 0 0 0 0 2 0 3 0 0 0 0.05
5 1 0 44 0 0 10 0 0 39 32 0 37 0 4 28 8 0 0 0 0.39
0 0 0 4 0 6 1 7 0 0 4 6 0 0 2 1 3 1 0 1 0.18
11 20 1 14 8 12 7 0 0 12 22 2 1 3 12 2 8 2 19 0 0.57
36 49 0 0 48 45 20 35 50 97 15 0 43 43 40 22 2 0 0 51 0.71
45 0 48 5 0 57 36 154 0 0 1 26 31 0 0 0 33 0 35 30 0.53
33 0 0 3 0 40 0 48 54 3 0 6 0 0 0 0 0 34 45 0 0.35
86 20 0 40 0 0 25 0 0 0 7 0 0 48 50 0 0 30 31 0 0.43
1 7 3 9 0 0 7 2 0 9 0 11 2 2 3 5 7 0 1 0 0.34
1 0 0 1 2 10 0 1 6 0 0 2 10 7 0 0 0 3 0 9 0.26
0 0 0 0 0 0 0 0 5 0 0 6 0 0 0 0 0 0 0 0 0.05
2 0 1 3 2 6 0 3 7 11 2 1 0 5 0 0 0 5 3 3 0.26
0 1 0 2 6 3 1 0 1 0 0 0 5 2 0 4 1 0 1 0 0.13
0 0 0 0 0 3 0 1 0 0 0 3 2 0 0 0 2 0 2 0 0.06
0 7 5 6 6 8 13 0 5 6 2 18 0 0 4 3 12 0 4 6 0.45
0 13 0 35 26 23 2 0 36 39 3 0 22 31 84 5 10 91 0 3 0.61
0 133 0 22 8 31 40 0 2 36 0 0 0 34 0 42 40 0 22 0 0.5
0 0 0 11 0 0 0 0 5 51 0 34 48 1 37 5 0 125 17 49 0.45
0 4 9 6 1 6 0 5 10 13 16 0 1 11 0 16 0 1 14 4 0.48
0 0 20 33 32 0 0 0 2 0 6 41 44 38 0 24 0 0 33 0 0.44
0 0 1 0 1 1 3 0 0 0 2 0 1 3 0 0 2 0 1 4 0.09
0 1 3 0 9 6 6 14 2 15 2 0 0 0 9 1 0 0 0 18 0.34
6 2 8 0 1 9 0 0 0 12 8 0 2 17 0 6 0 6 0 0 0.34
50 0 0 0 0 0 9 31 0 0 0 0 42 32 5 33 38 4 22 35 0.49
1 0 1 3 0 2 0 1 0 0 2 1 0 4 1 3 0 0 0 0 0.09
40 46 35 0 0 20 24 37 0 157 0 0 9 0 0 37 24 0 39 0 0.54
0 14 0 1 0 0 0 10 0 0 1 3 1 1 1 0 8 19 16 2 0.29
2 1 0 18 15 0 8 3 0 0 0 0 11 16 0 0 7 2 0 0 0.31
0 0 44 36 29 28 0 0 2 27 40 21 0 30 53 36 38 0 0 50 0.61
0 0 0 0 1 1 3 0 1 0 0 0 3 0 0 0 3 3 6 0 0.1
4 1 0 0 4 1 0 0 2 0 5 0 0 3 0 0 0 0 0 1 0.1
0 0 0 2 0 0 0 3 3 0 2 2 0 0 0 0 0 0 0 0 0.06
1 0 5 0 4 8 0 4 1 1 3 0 0 7 3 0 0 0 2 0 0.19
0 0 18 0 0 28 43 0 31 0 84 0 39 34 0 0 8 20 0 0 0.44
10 0 7 16 13 3 0 0 9 0 11 0 5 0 1 9 10 5 0 7 0.48
3 0 0 0 0 0 0 0 3 1 2 3 4 0 0 2 6 0 2 0 0.13
1 35 47 30 0 32 6 40 17 31 0 0 32 37 35 0 0 0 0 0 0.53
19 15 14 1 9 3 10 4 4 1 0 3 11 2 0 14 6 2 5 4 0.51
3 0 4 3 0 0 0 0 0 0 2 4 1 3 2 0 0 3 0 0 0.12
14 0 12 0 6 6 15 2 8 10 2 9 0 9 1 0 13 0 4 0 0.48
14 0 13 7 13 3 0 4 19 0 9 0 9 0 2 5 0 0 0 0 0.39
0 3 0 3 0 0 0 0 6 0 0 6 2 0 2 0 0 2 2 0 0.13
46 34 33 0 31 25 10 45 11 41 0 0 37 132 45 5 131 0 74 0 0.72
4 4 0 3 14 10 3 9 7 2 7 1 1 7 2 0 5 11 0 10 0.47
46 31 15 13 24 0 0 19 28 0 119 0 29 0 0 0 46 0 37 12 0.6
0 0 0 3 1 0 0 0 2 0 0 0 1 0 0 0 0 3 0 0 0.05
26 6 39 20 0 0 18 113 19 0 34 0 0 51 0 31 38 13 58 54 0.68
3 0 0 0 0 0 2 0 0 1 6 0 3 4 0 0 0 0 0 0 0.09
0 33 32 0 41 32 36 0 3 34 48 40 0 0 0 0 46 35 0 0 0.51
10 0 3 2 0 4 0 18 8 2 12 22 1 2 3 0 0 14 9 6 0.45
0 1 8 0 0 19 0 0 0 0 0 0 2 10 5 13 12 2 1 3 0.3
0 2 12 0 30 46 0 0 0 0 0 34 108 36 41 19 37 0 34 34 0.56
23 7 10 0 2 1 12 0 7 3 7 0 0 0 1 0 9 12 11 1 0.43
0 46 0 18 0 123 50 11 15 0 38 0 0 21 0 7 46 0 100 32 0.58
3 4 3 2 12 13 2 5 0 5 1 5 0 14 8 0 0 6 4 6 0.42
110 48 0 58 49 0 34 0 0 22 4 12 0 0 38 0 22 40 40 3 0.58
0 0 0 0 45 31 19 0 152 0 0 90 54 0 21 45 34 0 0 34 0.5
0 0 45 0 0 0 16 11 0 11 0 11 49 0 41 39 23 34 0 0 0.5
17 2 2 5 3 11 0 8 3 2 4 0 1 5 0 5 0 6 1 0 0.33
0 0 14 1 0 17 3 10 0 18 0 3 0 8 16 3 0 19 5 9 0.46
37 0 80 51 0 45 41 1 41 0 37 93 0 0 53 82 0 0 87 23 0.6
1 1 5 0 0 3 11 12 5 0 0 3 0 0 0 2 0 0 7 0 0.23
3 0 0 0 12 24 0 0 9 8 24 0 19 2 3 3 2 0 9 2 0.4
9 2 0 0 0 2 10 0 1 10 0 0 0 6 0 6 0 0 0 0 0.22
27 34 31 0 0 23 0 0 11 0 0 33 40 0 4 0 0 54 53 34 0.52
3 10 10 0 0 2 1 17 2 0 3 3 8 0 3 9 2 2 3 8 0.39
2 3 3 4 9 2 14 2 4 3 1 8 3 0 2 0 5 3 16 10 0.41
0 8 6 0 1 0 0 0 3 2 0 0 0 3 0 0 1 10 1 3 0.19
1 3 2 0 0 0 0 0 0 0 2 1 1 0 0 0 2 0 0 2 0.07
32 57 51 6 12 24 82 36 38 67 0 10 24 49 54 0 40 0 0 34 0.78
4 36 50 0 23 88 0 17 21 0 2 0 0 35 12 50 12 20 8 29 0.67
0 29 0 0 0 26 25 0 0 38 0 115 0 44 7 38 143 17 24 23 0.58
32 0 12 43 13 0 8 0 0 0 0 0 13 32 0 11 11 31 0 7 0.52
0 0 7 2 0 0 1 18 0 1 1 0 0 0 0 0 0 2 0 13 0.17
0 7 11 0 5 6 11 10 0 0 18 0 4 0 0 0 7 3 4 12 0.43
8 13 2 0 0 3 9 8 10 3 18 7 0 0 0 9 2 11 19 7 0.54
0 0 0 14 18 0 0 19 1 0 0 0 9 0 8 7 12 0 8 3 0.38
4 1 4 0 0 2 0 0 3 0 0 0 0 0 2 5 1 0 2 0 0.12
0 0 0 0 0 0 1 2 0 3 2 3 1 1 5 8 13 13 3 1 0.25
4 1 4 0 0 0 3 2 4 0 0 0 0 3 2 3 2 5 0 0 0.16
0 0 8 37 150 0 107 3 40 0 44 40 0 32 37 30 30 93 26 7 0.69
7 6 0 13 2 0 0 1 8 0 2 5 0 5 1 14 1 6 3 9 0.38
6 5 4 11 8 3 1 1 3 0 11 3 4 0 2 1 3 9 19 0 0.41
14 14 0 1 0 8 9 1 2 0 0 0 1 0 10 6 14 11 1 0 0.39
0 0 7 0 30 6 8 0 21 0 7 0 26 0 93 0 10 10 14 0 0.49
0 0 4 3 0 0 0 3 0 2 4 4 0 0 5 3 0 0 0 0 0.14
0 3 11 0 19 1 16 1 4 2 22 4 0 20 5 0 9 1 0 16 0.45
0 0 37 47 36 8 34 34 0 36 0 0 40 0 40 126 0 40 40 31 0.64
37 20 0 1 37 0 0 20 0 37 128 0 0 0 0 7 13 30 41 1 0.49
2 0 6 3 0 0 0 1 4 0 0 0 0 1 0 0 0 0 0 0 0.08
0 51 22 32 0 0 41 33 0 0 0 8 0 0 39 29 51 42 19 1 0.54
7 8 1 0 7 3 0 1 3 3 12 6 10 3 1 14 2 10 7 0 0.45
2 14 0 6 24 0 8 9 1 0 5 0 10 4 0 2 1 0 2 0 0.35
0 0 5 1 0 15 0 9 0 0 2 2 0 0 3 3 2 16 14 0 0.28
0 8 0 0 0 20 41 0 8 31 13 2 48 96 8 0 0 0 0 31 0.48
0 0 0 6 3 0 0 0 5 0 3 2 0 0 0 0 0 5 0 1 0.12
0 0 41 41 37 0 51 39 15 0 22 18 30 48 28 25 0 0 39 0 0.65
0 4 8 7 0 6 15 3 1 8 0 1 14 7 2 10 18 14 7 2 0.52
0 1 0 10 8 0 0 2 0 5 0 9 0 0 4 10 0 9 16 4 0.36
38 52 0 12 0 0 41 37 37 65 0 11 12 0 6 43 26 0 40 22 0.68
5 3 8 3 0 0 0 0 0 1 0 7 5 3 6 0 0 15 10 9 0.35
4 9 3 0 0 0 2 17 1 0 1 0 0 13 3 0 0 13 7 10 0.35
0 3 0 0 0 0 0 0 0 0 4 6 1 1 0 0 3 0 0 0 0.09
7 4 0 23 16 22 2 2 0 0 0 0 1 1 0 12 2 1 2 0 0.3
1 1 0 1 4 3 4 2 1 4 0 5 0 3 0 3 0 0 4 4 0.19
1 8 19 11 0 0 0 4 0 0 8 14 7 0 10 0 7 0 1 0 0.38
0 1 0 0 1 2 10 10 5 0 8 4 0 7 6 0 3 3 4 7 0.35
13 0 6 5 0 19 0 3 2 0 3 0 0 0 3 4 1 6 0 16 0.31
1 1 2 0 2 0 4 0 1 5 4 3 0 0 0 4 4 3 0 0 0.16
2 7 18 9 1 0 0 3 6 0 3 0 0 0 3 0 0 0 18 0 0.27
0 5 0 0 0 0 3 0 0 0 4 0 1 12 3 0 1 0 0 2 0.14
10 3 18 1 0 0 5 0 0 3 9 10 2 5 11 7 1 18 0 1 0.43
3 0 1 11 1 0 19 0 0 0 0 0 2 2 0 12 1 8 1 3 0.25
0 25 0 28 2 122 32 0 0 9 36 0 0 145 79 0 0 2 41 0 0.46
15 10 10 5 0 1 0 2 3 0 2 0 0 0 0 0 0 5 4 3 0.27
4 4 0 0 8 1 2 5 9 3 11 10 0 13 3 0 10 0 23 11 0.49
0 0 0 4 4 0 1 0 0 0 2 1 3 2 1 0 0 0 3 4 0.12
2 0 0 2 2 2 0 0 0 2 2 0 3 3 2 0 0 3 2 0 0.12
14 0 8 1 1 0 9 12 6 11 1 10 2 0 0 10 8 0 8 5 0.49
15 0 12 3 3 0 5 0 9 0 0 1 0 2 1 3 1 3 10 0 0.3
7 6 0 0 31 33 13 19 0 0 10 0 45 0 32 0 21 0 38 9 0.56
2 2 0 9 0 5 0 0 0 1 0 9 8 10 0 16 0 17 4 0 0.35
3 5 13 0 7 21 0 22 8 0 17 0 0 0 4 5 2 5 0 1 0.4
38 0 0 47 46 15 0 0 0 31 0 0 0 0 35 30 52 32 0 9 0.49
8 11 0 11 0 1 5 8 4 1 0 6 5 0 5 0 0 3 0 0 0.33
3 2 0 12 5 3 1 1 1 0 4 2 4 11 1 3 2 4 0 0 0.28
3 0 0 0 0 0 0 0 0 0 0 0 0 2 0 2 0 0 0 3 0.05
6 0 0 7 0 8 8 7 7 0 11 4 2 0 2 0 0 0 0 0 0.3
1 8 1 2 12 0 6 7 0 0 0 2 0 0 0 6 14 14 1 0 0.32
1 1 0 1 0 0 1 0 0 0 0 1 2 0 6 0 0 0 1 1 0.07
39 0 32 31 27 55 45 42 32 10 33 124 0 0 0 0 38 40 0 0 0.65
4 0 0 0 0 0 6 14 16 13 14 3 0 0 16 3 0 19 0 6 0.4
2 0 3 1 0 0 0 0 1 9 5 4 6 9 2 1 0 5 16 0 0.29
2 9 3 3 0 3 10 2 14 4 3 0 6 3 0 21 12 2 0 6 0.43
2 0 3 3 0 0 0 2 2 0 3 2 0 3 0 2 0 0 0 0 0.11
22 0 13 34 0 18 40 8 0 0 24 0 45 42 54 0 56 48 24 26 0.69
2 1 2 0 0 0 0 0 2 0 0 0 0 1 0 1 3 3 0 0 0.07
0 0 0 4 3 6 0 3 1 0 0 2 0 0 0 0 4 0 0 0 0.11
0 0 0 3 4 2 4 0 2 2 0 0 0 0 0 0 3 0 0 2 0.1
40 34 45 51 52 0 0 44 29 0 0 31 50 40 45 0 25 0 0 0 0.6
0 1 8 2 0 2 2 3 24 5 16 0 4 4 3 9 3 2 12 0 0.39
0 0 25 0 0 0 3 35 38 26 0 31 0 0 19 0 0 47 40 29 0.46
0 8 7 1 0 2 7 2 1 8 14 9 3 4 5 2 3 3 0 5 0.4
0 51 38 32 0 72 8 0 34 0 0 53 21 36 43 0 36 5 0 53 0.61
0 0 4 52 39 40 23 0 0 35 59 0 0 0 7 38 27 0 14 0 0.5
38 14 0 0 0 9 36 28 48 1 0 0 0 0 36 0 0 0 0 0 0.35
1 8 6 0 4 5 0 10 6 3 4 9 0 3 5 0 13 4 14 2 0.45
0 1 0 0 0 2 1 0 1 3 0 0 1 0 6 0 0 2 0 0 0.08
12 5 8 0 0 0 0 0 10 3 11 0 0 0 0 0 2 0 0 0 0.24
0 0 2 0 0 0 12 0 1 10 17 11 12 0 2 0 15 0 0 0 0.32
8 0 14 0 2 0 0 5 3 0 0 2 0 0 7 0 0 0 14 3 0.25
41 0 10 0 0 15 0 18 49 0 0 32 24 52 0 41 37 31 37 0 0.6
16 13 0 5 0 14 12 0 4 0 4 0 8 3 1 9 7 9 0 3 0.46
0 0 0 9 0 7 5 0 2 7 4 2 5 0 12 0 14 0 0 0 0.3
0 3 11 2 2 0 0 13 2 0 1 0 0 7 5 0 0 2 0 4 0.24
0 11 2 0 11 3 17 5 1 8 2 3 0 0 6 0 8 3 6 3 0.39
1 4 3 3 13 3 6 2 13 0 22 3 0 10 2 8 6 13 7 0 0.48
0 2 0 0 5 4 6 0 0 4 0 0 2 0 0 0 1 0 0 2 0.13
10 2 0 4 0 8 10 13 9 1 4 0 4 2 0 2 1 9 6 0 0.41
0 2 8 13 4 0 3 1 0 0 22 2 8 0 2 0 4 3 16 1 0.34
3 3 3 0 0 0 0 4 0 5 4 0 0 0 3 5 0 1 0 0 0.15
0 11 0 32 31 36 3 145 0 0 47 0 0 0 0 41 42 38 40 0 0.51
12 11 10 3 6 0 0 9 1 0 0 18 0 2 12 2 0 0 3 3 0.39
3 9 0 5 0 1 0 0 2 1 0 0 0 1 0 7 1 11 0 0 0.2
5 3 0 0 0 7 14 0 19 0 2 12 2 9 0 8 10 0 0 9 0.42
7 6 0 18 3 12 0 0 0 11 0 2 0 0 1 5 10 2 0 10 0.38
0 2 2 0 0 4 0 0 3 1 0 0 0 0 6 4 0 3 3 0 0.14
0 1 5 0 0 0 9 2 1 0 0 2 0 13 0 0 0 2 0 8 0.2
4 0 0 0 0 0 0 0 0 1 3 3 2 0 4 0 0 4 3 1 0.12
4 2 0 0 6 1 0 0 0 0 0 4 1 0 3 0 3 0 0 0 0.12
10 10 2 0 6 5 8 5 5 3 6 10 4 14 2 2 4 6 0 3 0.5
3 7 6 13 6 4 3 0 0 0 0 6 0 0 3 0 3 1 24 22 0.35
9 10 0 14 11 0 2 1 0 6 5 0 0 5 8 2 1 2 6 5 0.4
2 12 9 5 1 0 0 5 14 0 0 0 0 9 1 2 0 0 17 3 0.33
0 0 0 8 0 0 9 0 3 1 3 13 0 0 3 0 0 10 0 1 0.23
0 16 0 3 0 8 0 3 8 0 10 0 0 2 0 2 5 9 3 0 0.31
0 0 8 12 0 0 0 10 8 3 8 0 0 2 10 14 0 0 4 0 0.36
15 13 47 39 0 32 129 35 0 0 0 21 14 0 0 0 2 23 26 9 0.6
0 0 10 1 0 1 11 0 10 1 4 3 0 5 4 0 9 5 1 8 0.36
0 2 17 16 14 0 8 0 20 0 58 0 42 0 0 48 0 39 0 32 0.5
2 0 2 0 0 0 2 0 1 1 2 0 1 4 0 0 0 1 0 0 0.08
6 2 0 0 0 0 0 0 0 0 6 4 0 1 0 0 0 0 1 0 0.1
0 2 2 1 1 2 0 8 0 3 3 0 13 2 7 5 3 13 0 0 0.29
1 5 5 0 1 13 0 2 7 3 1 2 0 2 6 18 10 10 0 2 0.38
37 0 0 5 0 0 38 148 0 38 8 0 20 0 36 0 0 0 0 37 0.41
0 0 11 4 0 8 0 0 3 10 4 0 2 5 8 9 0 5 0 12 0.39
4 7 9 1 8 5 5 3 1 10 1 0 14 2 0 2 3 23 7 10 0.48
45 40 46 35 0 0 32 21 0 0 0 4 0 42 0 38 29 46 0 0 0.52
0 0 0 3 0 0 0 0 4 0 0 2 1 4 3 0 4 0 0 0 0.1
32 0 0 35 0 32 0 16 117 0 0 0 17 0 1 0 0 73 14 31 0.45
0 3 2 4 4 3 0 4 10 8 5 0 0 0 16 10 4 15 2 10 0.44
0 3 0 0 1 1 2 0 2 0 3 0 0 0 0 2 3 1 3 0 0.1
17 3 0 4 4 6 0 13 7 0 3 0 0 3 2 10 0 10 15 3 0.42
20 0 0 28 0 31 48 36 0 47 0 0 0 19 0 0 20 13 0 0 0.45
0 11 0 42 8 0 41 0 25 116 0 0 33 11 36 17 0 52 17 1 0.59
2 14 0 11 3 0 3 7 0 0 0 3 10 0 0 0 7 2 0 0 0.28
0 1 1 6 1 3 5 8 3 2 20 1 1 10 3 0 9 3 0 0 0.33
0 11 0 13 0 0 0 0 0 1 0 0 0 0 0 3 0 0 4 9 0.18
1 3 8 1 5 3 13 4 0 0 0 2 4 0 8 1 3 0 0 10 0.31
0 0 0 28 0 28 41 44 0 35 0 0 0 30 0 0 8 6 0 47 0.41
4 8 1 17 1 4 0 0 4 4 10 0 4 3 0 1 4 4 0 1 0.31
1 0 0 2 6 0 3 1 2 6 3 0 6 0 0 4 0 0 0 0 0.17
0 30 13 4 11 48 0 16 12 9 35 47 3 24 22 0 20 0 0 0 0.63
0 3 3 0 3 4 0 2 0 2 2 0 4 0 0 1 0 0 0 0 0.12
2 2 0 0 0 3 0 0 0 6 0 0 3 0 0 1 3 1 4 0 0.12
0 50 108 51 0 0 83 0 32 50 0 44 15 81 0 46 19 16 41 0 0.65
0 45 0 22 0 0 37 16 8 41 36 46 1 4 12 19 40 1 0 0 0.56
3 2 13 0 20 0 0 0 4 0 6 8 5 3 3 10 4 0 2 0 0.35
48 50 36 1 34 24 23 39 0 13 45 0 34 24 22 13 72 31 0 0 0.75
3 0 0 0 6 0 0 0 0 0 0 0 0 0 3 0 1 1 0 0 0.07
5 11 7 14 11 4 0 9 18 2 2 0 1 13 5 0 11 5 1 7 0.54
34 0 23 34 7 0 0 94 13 35 0 0 0 0 34 0 0 19 5 0 0.45
41 0 0 76 0 38 16 13 82 24 0 9 9 0 21 60 30 50 0 23 0.69
3 0 0 3 3 3 0 5 0 0 0 0 3 0 1 6 0 5 0 0 0.16
47 48 6 40 0 0 9 150 0 44 39 47 0 34 40 0 0 40 41 40 0.67
122 56 0 49 0 22 0 34 0 50 0 28 0 40 0 38 0 0 34 0 0.5
19 0 6 14 0 2 4 1 0 5 6 3 0 2 0 0 2 0 24 1 0.31
2 14 0 2 2 0 0 0 0 3 3 1 1 7 0 5 0 0 10 0 0.22
15 3 0 0 0 1 3 0 6 0 0 0 0 3 3 11 2 1 8 0 0.24
3 0 6 5 3 0 3 2 0 0 6 7 3 2 7 0 6 0 9 5 0.33
0 0 0 5 3 0 4 16 5 4 6 4 8 0 7 0 3 12 5 1 0.37
0 0 0 3 1 0 6 0 2 0 0 0 1 1 3 1 0 3 0 0 0.1
0 5 0 0 0 1 2 2 0 2 0 1 3 5 3 2 0 0 0 0 0.13
0 0 0 0 0 3 3 0 2 4 0 3 0 0 0 2 0 0 3 0 0.1
0 29 39 18 17 0 35 61 11 0 0 87 0 0 25 0 42 0 0 3 0.51
28 15 0 0 0 45 12 0 0 26 6 0 6 23 0 0 0 50 8 35 0.5
0 0 32 18 41 31 0 55 0 3 0 49 31 0 35 0 6 0 0 0 0.44
2 5 18 3 6 0 1 0 0 8 3 16 4 8 3 1 0 0 1 0 0.32
0 0 0 0 98 49 0 0 45 29 66 0 1 27 24 0 44 0 32 29 0.5
0 0 2 3 0 0 0 4 1 0 3 0 0 0 0 2 0 0 1 0 0.08
0 32 0 0 20 0 34 0 0 0 0 18 51 37 0 40 0 5 0 0 0.37
0 3 6 10 3 5 0 12 2 3 14 4 9 0 8 0 10 6 9 6 0.52
4 0 0 17 6 14 5 7 7 0 12 9 4 12 1 0 0 2 0 0 0.42
1 3 1 0 0 0 10 1 13 18 6 0 3 1 0 6 0 0 5 17 0.33
3 0 0 0 2 0 0 0 0 0 0 0 1 1 6 0 4 3 0 2 0.1
0 23 0 0 30 21 18 0 26 21 0 39 26 3 9 0 21 0 0 38 0.56
3 0 0 0 5 10 10 10 5 15 13 2 0 0 8 8 3 2 3 3 0.46
2 1 0 2 6 2 0 0 3 13 9 2 3 0 13 2 2 0 0 3 0.28
2 1 0 0 4 17 0 2 7 8 14 0 6 11 0 9 0 10 0 9 0.44
24 0 0 3 2 2 7 8 2 5 3 0 4 0 0 19 1 2 7 3 0.34
0 2 5 3 1 0 0 8 1 10 6 2 0 5 0 8 0 0 5 2 0.29
0 2 1 4 1 0 3 12 5 2 2 9 0 11 0 7 0 0 8 9 0.36
2 1 6 4 1 0 0 0 0 2 0 0 1 0 0 1 0 3 0 0 0.1
0 1 0 0 2 3 8 8 9 2 0 9 0 0 14 4 4 5 2 8 0.37
0 2 4 7 4 2 0 1 8 18 0 3 19 3 4 1 6 4 13 10 0.44
0 0 2 0 0 5 0 0 2 0 1 0 0 0 0 0 1 4 0 5 0.1
1 8 4 0 0 5 0 3 3 4 5 1 18 0 10 13 4 7 3 0 0.39
46 0 0 0 0 32 34 86 31 0 38 15 0 22 24 0 19 0 23 34 0.6
1 0 2 16 0 6 2 4 0 1 1 0 9 3 3 0 0 2 0 1 0.22
20 0 11 7 0 13 1 0 0 10 3 4 3 3 3 0 0 0 9 5 0.39
4 4 6 15 18 9 10 9 6 3 6 3 5 0 8 7 8 8 0 6 0.61
0 5 5 0 3 0 0 14 0 19 11 17 4 3 0 0 0 0 7 0 0.33
0 5 1 0 3 0 4 5 0 0 0 3 3 0 0 0 0 0 0 0 0.11
0 1 0 0 12 1 0 0 0 2 3 5 12 0 1 9 7 21 0 0 0.29
0 6 0 4 3 21 0 0 2 1 10 8 5 2 1 1 17 5 0 6 0.37
0 1 0 7 0 0 2 0 16 0 7 0 14 5 1 15 0 0 9 9 0.35
13 1 8 3 0 1 21 0 0 2 10 1 4 4 6 1 0 6 22 6 0.41
0 0 1 5 0 0 1 1 3 0 0 0 0 3 6 4 0 0 2 0 0.13
2 6 0 0 2 0 5 0 0 0 0 0 0 4 0 6 2 0 2 3 0.16
99 0 0 0 14 29 0 44 11 0 0 37 0 18 0 149 39 0 0 14 0.5
0 0 0 8 7 5 1 4 0 1 16 0 0 0 0 0 13 0 0 0 0.22
0 5 40 43 28 0 0 0 48 1 3 0 0 8 0 33 48 41 102 47 0.53
0 0 14 8 0 12 10 5 17 0 17 1 3 5 13 0 0 3 5 16 0.5
0 0 0 2 10 4 3 0 10 0 2 22 2 21 3 0 10 2 10 4 0.41
0 0 3 0 0 0 3 0 1 3 2 0 3 4 0 2 2 0 0 0 0.11
16 0 0 9 6 0 0 8 2 0 2 3 1 0 8 12 1 5 5 0 0.34
0 43 0 0 0 34 0 17 14 0 0 0 0 2 0 0 47 1 0 0 0.26
0 10 13 1 9 2 3 10 6 18 0 3 4 0 0 5 14 7 3 0 0.46
1 3 1 19 10 9 5 0 1 0 7 0 2 0 3 4 5 11 4 3 0.39
0 35 0 33 48 30 36 52 60 32 38 0 42 11 18 0 0 57 1 0 0.65
0 75 0 0 27 0 17 0 0 51 0 10 57 28 0 0 51 56 0 0 0.45
34 0 0 0 17 31 0 10 3 0 0 34 0 0 38 0 43 41 0 0 0.41
8 4 7 1 9 24 5 3 0 0 1 5 0 1 2 7 22 0 0 0 0.36
3 0 0 0 0 0 0 1 5 2 0 0 0 0 0 4 0 3 0 0 0.09
1 0 14 19 8 18 1 4 3 15 7 6 6 0 2 4 0 0 1 0 0.41
0 20 50 0 0 0 0 0 0 0 50 10 0 0 32 21 48 39 42 44 0.5
0 1 3 2 4 0 0 1 0 0 0 0 0 0 0 0 3 0 5 3 0.11
95 0 92 44 50 37 25 50 10 0 0 39 44 0 0 0 0 28 0 0 0.55
0 0 41 17 59 2 0 28 33 31 0 10 14 0 31 58 149 2 25 0 0.61
0 0 0 4 0 3 4 1 1 0 2 2 0 0 0 0 0 0 0 0 0.08
0 7 38 0 0 39 20 0 12 10 0 41 41 88 0 43 37 41 48 23 0.68
0 0 0 1 1 9 4 11 6 23 0 0 6 5 4 3 0 0 0 1 0.29
3 0 2 5 0 0 0 0 4 3 2 0 0 0 0 0 0 0 2 0 0.1
1 9 0 6 9 18 3 3 4 6 1 4 3 0 0 9 0 3 0 15 0.4
0 0 0 6 0 0 0 3 3 0 0 0 1 5 3 0 0 2 2 0 0.12
0 0 53 47 37 0 38 0 0 31 37 88 43 31 0 31 0 38 0 34 0.6
0 3 1 14 0 8 2 0 2 0 4 0 0 4 14 4 3 0 3 2 0.28
0 10 5 0 0 0 6 0 3 8 8 4 0 0 0 0 0 0 0 0 0.22
6 0 0 3 6 10 3 2 6 2 0 0 0 14 9 0 0 1 0 4 0.31
9 11 14 1 1 1 10 5 3 8 0 18 1 7 1 1 8 0 0 0 0.43
0 3 0 2 0 10 12 5 4 0 6 20 6 13 5 5 3 17 0 0 0.44
9 7 3 16 9 4 9 1 5 0 7 12 11 4 0 1 6 5 16 10 0.6
0 14 0 3 0 2 13 10 0 10 0 0 2 10 0 0 11 6 0 0 0.36
0 6 3 0 7 10 0 8 2 11 10 7 0 8 12 8 0 12 0 0 0.49
3 19 14 8 7 0 7 0 10 0 0 6 3 0 10 1 0 0 0 8 0.41
6 0 9 7 5 2 0 1 10 0 2 0 0 7 11 9 9 3 1 8 0.44
5 4 0 0 0 0 1 0 4 3 0 0 4 0 0 2 0 0 1 0 0.12
2 1 1 1 2 18 1 1 0 0 3 12 0 9 0 11 0 3 0 8 0.31
38 43 12 0 0 33 0 0 37 0 29 0 3 44 24 34 45 45 51 4 0.63
5 0 7 2 16 0 13 0 0 1 5 3 0 3 0 13 0 5 8 3 0.35
0 4 1 0 3 1 0 0 0 4 7 2 0 3 7 16 3 1 8 8 0.3
47 0 0 8 33 38 14 27 47 0 1 55 43 0 82 2 0 18 8 0 0.59
0 0 11 47 77 92 0 0 37 0 18 0 0 37 39 0 0 0 0 0 0.4
9 0 1 1 6 5 13 18 13 0 2 0 0 4 3 2 2 0 7 24 0.41
10 0 4 18 5 2 6 8 1 2 5 0 4 3 12 0 10 0 9 20 0.49
2 3 0 2 3 3 0 0 1 0 0 6 0 3 3 2 0 0 0 0 0.14
46 32 53 0 49 34 8 0 37 38 18 0 8 36 14 14 16 34 0 2 0.74
2 12 0 0 3 0 0 1 0 8 17 8 2 0 0 4 1 0 0 3 0.26
7 0 32 4 16 0 0 0 0 0 0 35 0 12 21 0 0 0 22 0 0.35
3 2 0 0 10 7 1 3 6 6 1 8 11 6 2 0 0 3 3 2 0.36
4 36 0 31 33 17 0 47 0 119 34 0 32 0 41 34 3 0 0 23 0.58
1 0 12 0 3 0 2 2 2 3 0 4 8 3 6 2 13 2 0 0 0.29
20 0 10 3 4 0 0 10 1 4 13 1 7 11 0 4 0 0 2 3 0.39
0 0 0 0 3 3 0 0 0 12 1 3 6 0 0 7 0 3 0 9 0.22
10 1 1 0 0 0 3 7 0 7 0 2 8 10 17 2 10 0 22 0 0.4
8 1 2 0 9 0 12 0 1 10 0 3 2 3 5 0 3 12 7 0 0.37
20 41 0 0 33 0 14 40 98 24 41 35 42 11 156 39 0 35 37 42 0.8
0 0 1 5 5 9 1 19 0 0 0 1 4 0 7 4 0 10 0 4 0.3
1 0 0 0 0 0 0 0 0 3 0 0 0 3 2 0 0 5 0 2 0.08
0 2 11 2 2 0 3 0 8 0 1 9 1 0 19 0 9 11 3 3 0.36
6 0 12 0 1 4 0 11 0 9 0 6 6 2 2 6 0 0 1 2 0.32
0 39 22 32 26 0 0 18 36 23 24 0 24 0 50 24 0 0 0 0 0.55
8 3 4 0 0 0 1 0 0 11 0 0 2 2 3 3 7 5 13 0 0.29
0 3 0 0 1 5 0 0 0 0 1 3 1 0 1 0 0 3 3 1 0.11
126 0 0 0 18 39 37 6 22 35 0 0 0 0 0 7 37 3 46 0 0.48
19 0 2 0 0 0 2 0 0 16 5 1 0 3 0 0 9 4 1 7 0.27
2 6 8 2 0 0 0 5 7 0 0 0 4 3 8 0 9 11 0 1 0.32
0 0 2 2 1 0 0 0 0 0 0 0 4 0 0 2 0 0 1 0 0.06
0 0 2 0 4 0 2 0 1 4 0 2 2 4 2 6 2 1 0 4 0.18
6 64 54 50 6 0 33 15 0 0 0 41 0 0 0 0 0 25 37 0 0.45
1 9 5 0 1 13 14 9 3 0 2 7 4 2 14 6 3 0 1 2 0.42
0 0 6 9 7 7 4 0 10 8 14 7 8 13 17 0 0 3 3 9 0.55
11 0 14 0 4 1 1 3 5 0 5 0 0 2 0 2 1 3 0 0 0.23
4 8 5 3 2 0 1 0 0 0 7 0 1 2 7 8 0 1 0 1 0.24
2 2 3 6 3 2 0 0 0 0 0 3 1 0 0 0 2 0 2 0 0.13
0 0 2 0 0 0 3 5 5 1 1 0 2 0 0 5 0 3 4 1 0.16
3 1 0 0 0 0 0 0 3 3 0 0 0 0 0 5 0 0 0 0 0.07
6 2 10 6 4 5 0 1 0 0 3 0 6 0 10 21 6 2 10 3 0.42
37 7 34 21 11 8 49 0 60 15 0 0 42 0 0 1 30 34 42 7 0.66
3 0 0 2 0 21 2 3 9 11 0 1 8 1 0 2 3 5 7 0 0.33
2 2 0 0 4 0 1 3 0 0 0 2 2 2 0 0 2 0 0 0 0.09
1 3 0 0 3 0 0 1 0 0 0 2 0 0 0 0 0 1 0 3 0.07
14 4 10 2 2 10 1 4 9 13 0 1 4 4 2 0 3 0 1 11 0.43
0 3 0 0 3 12 3 1 0 3 0 0 0 9 2 18 0 8 0 18 0.31
14 0 44 0 0 0 26 31 0 5 24 0 23 0 0 32 0 0 42 0 0.42
1 3 6 3 0 0 1 0 2 0 0 0 1 2 2 1 4 0 0 0 0.13
33 38 33 17 0 0 18 0 1 0 0 0 9 28 33 34 35 140 39 0 0.6
0 4 18 1 6 2 0 0 2 0 0 0 0 1 0 7 0 14 0 0 0.21
0 0 8 0 1 4 0 0 4 0 0 1 5 2 13 11 0 7 12 0 0.31
3 0 0 0 0 2 0 1 0 3 0 0 2 5 0 0 0 0 0 0 0.08
6 0 40 42 39 23 3 0 0 0 0 21 0 0 54 44 28 42 39 0 0.54
2 0 8 1 1 0 11 2 0 1 7 3 1 8 7 6 0 12 0 0 0.33
49 101 35 0 0 19 39 0 12 0 55 35 0 13 0 0 35 13 34 22 0.65
2 5 0 1 0 3 1 9 14 0 0 0 1 0 0 0 1 9 8 4 0.27
38 8 27 35 0 0 36 32 0 24 0 26 3 38 12 22 0 28 159 25 0.7
3 0 4 0 0 0 0 0 3 2 1 4 0 0 3 3 1 2 0 0 0.13
21 7 2 13 5 1 2 0 0 4 0 2 0 2 0 0 9 2 5 0 0.3
5 1 1 0 2 1 0 2 0 1 5 12 0 9 15 10 3 0 3 0 0.31
20 3 9 1 13 3 11 2 1 13 2 7 0 6 9 4 6 1 0 2 0.47
0 0 2 1 12 0 4 0 0 16 3 9 0 3 2 0 1 5 2 15 0.31
0 36 0 0 25 0 43 0 0 0 33 0 44 60 14 41 0 0 4 40 0.47
0 156 0 24 24 4 0 14 43 0 0 0 0 20 0 32 0 26 0 34 0.47
5 4 10 0 3 1 0 0 0 2 14 0 0 0 0 18 6 0 0 0 0.25
4 0 2 0 0 0 2 4 3 0 0 0 1 2 0 0 0 3 1 3 0.12
1 2 11 0 0 0 2 8 6 6 6 19 4 1 3 8 0 0 3 3 0.36
0 0 0 4 0 2 3 0 4 2 1 0 2 2 0 0 3 0 0 1 0.12
0 1 2 6 0 2 1 1 2 0 1 0 1 2 0 11 3 0 0 8 0.2
10 9 14 6 14 8 0 0 0 5 0 6 0 1 0 5 0 2 9 3 0.42
9 7 2 9 0 18 12 10 2 14 6 0 3 1 19 0 0 0 11 13 0.54
3 2 11 0 2 4 11 2 5 0 0 1 6 0 0 11 0 0 1 3 0.29
13 0 0 0 5 0 0 12 0 0 15 0 5 0 1 6 0 3 13 0 0.29
0 0 0 0 6 0 8 1 3 8 18 4 1 5 0 0 0 1 3 8 0.28
5 6 8 0 2 9 1 2 0 11 4 5 1 7 0 0 3 11 4 13 0.43
3 0 1 12 1 2 0 22 2 0 0 2 0 0 0 2 11 9 5 3 0.3
2 0 6 3 0 0 3 3 0 2 0 3 2 0 0 1 1 0 1 0 0.13
0 2 0 0 0 2 0 2 0 0 0 0 0 0 0 0 0 1 0 0 0.03
0 11 12 8 13 2 0 2 0 0 0 2 0 9 14 9 7 9 2 1 0.45
0 0 3 4 2 16 5 6 1 5 0 2 12 2 3 22 9 8 6 4 0.45
0 12 0 0 0 12 1 0 0 0 14 14 18 0 11 1 0 1 3 0 0.32
59 0 0 48 0 41 0 0 64 0 21 40 4 0 0 17 2 0 0 9 0.42
0 0 51 129 31 27 30 8 54 28 43 60 0 0 35 41 0 0 0 16 0.64
2 0 1 3 0 0 0 0 0 3 1 0 0 1 2 0 0 0 2 0 0.07
2 4 1 3 1 0 3 0 0 0 3 3 0 0 0 0 2 0 1 0 0.11
0 9 0 0 8 23 9 23 0 10 15 5 1 2 1 18 5 0 3 1 0.47
31 0 46 0 48 0 45 0 0 0 0 37 17 0 0 49 11 2 56 0 0.45
9 0 8 1 0 7 0 2 16 0 12 8 1 0 3 1 0 18 1 12 0.4
45 99 36 34 0 0 1 28 0 41 1 0 0 46 11 0 0 0 49 0 0.45
0 15 1 32 0 18 0 0 0 21 34 0 0 11 0 33 0 19 0 35 0.45
6 4 2 19 1 4 12 1 6 0 3 0 0 13 1 2 0 0 1 0 0.3
0 2 0 2 3 4 3 0 12 1 0 2 10 0 2 4 9 1 8 11 0.35
5 4 0 1 0 6 4 0 3 0 0 7 10 0 8 6 0 9 3 13 0.38
4 0 23 0 1 6 4 0 2 12 12 0 0 4 13 3 1 0 1 17 0.38
8 0 0 5 0 6 0 12 3 0 0 1 18 14 6 9 0 14 0 0 0.39
0 3 2 3 19 5 5 0 0 12 0 1 1 0 2 8 1 0 6 2 0.29
0 0 0 12 7 5 8 12 0 9 12 6 3 1 3 7 0 5 1 0 0.42
2 12 12 12 22 3 3 4 4 10 5 0 6 0 13 7 5 5 13 0 0.56
10 2 10 6 2 2 0 4 0 3 0 1 6 6 2 2 4 11 1 14 0.4
6 11 1 4 2 16 6 6 0 5 1 5 1 5 2 3 5 3 2 18 0.43
0 0 5 1 8 17 2 7 0 0 0 5 1 3 0 0 4 9 5 0 0.3
8 25 22 40 0 0 35 0 4 14 0 34 36 16 22 39 0 19 0 149 0.66
0 3 0 13 2 0 7 0 2 21 3 0 5 6 24 6 11 2 0 3 0.39
0 2 0 0 1 0 0 0 0 0 2 1 3 0 2 0 2 1 0 3 0.08
5 8 0 0 0 22 0 4 0 0 6 0 0 10 13 3 5 12 0 0 0.35
0 1 3 0 0 0 2 0 0 0 0 1 0 0 5 0 0 0 6 2 0.1
3 0 0 2 0 4 0 0 14 0 0 3 1 3 1 0 3 9 0 2 0.2
7 0 1 0 2 9 8 0 23 2 11 0 1 0 5 9 2 0 0 10 0.38
0 6 15 14 0 13 8 0 11 0 0 3 2 0 11 2 0 12 0 17 0.45
0 0 0 0 0 0 0 5 0 0 2 0 0 4 2 0 0 1 0 1 0.07
6 1 7 3 9 3 1 2 5 0 4 15 7 1 3 9 2 1 1 0 0.37
0 1 0 0 0 0 0 0 2 0 0 0 0 0 0 0 3 0 2 3 0.05
12 0 9 10 9 1 5 2 0 6 18 0 3 0 12 7 2 0 2 3 0.44
0 2 3 3 3 5 8 0 0 0 0 13 0 0 5 1 10 1 3 4 0.29
13 4 8 19 14 0 0 19 0 11 3 3 6 1 0 4 5 0 2 2 0.43
57 0 29 13 40 9 0 41 43 0 0 32 0 0 12 0 63 0 0 35 0.54
0 5 2 17 11 2 8 19 7 0 7 9 4 3 0 10 5 19 0 10 0.56
124 0 6 0 0 0 37 18 134 1 0 36 132 2 0 21 1 25 0 32 0.5
5 1 7 0 17 1 13 0 0 8 0 3 0 14 3 0 12 1 1 1 0.35
2 0 10 6 5 13 2 0 0 5 17 0 0 0 12 5 2 12 0 5 0.4
3 0 4 0 0 6 6 3 2 12 10 1 0 0 0 6 3 5 2 3 0.32
0 0 0 10 9 7 0 9 0 1 0 0 13 13 0 4 10 0 0 0 0.35
0 3 0 2 12 21 0 16 14 3 3 24 20 0 13 0 1 7 2 7 0.48
0 33 0 0 40 0 0 31 38 24 24 22 38 15 40 4 5 0 35 31 0.64
4 0 3 2 0 0 1 0 0 0 0 3 0 4 3 0 3 4 3 1 0.15
10 0 0 0 0 0 1 0 1 6 0 13 2 2 2 0 9 0 0 2 0.22
5 2 12 12 0 0 16 0 0 0 3 3 0 10 0 3 0 0 0 0 0.28
8 3 3 16 0 2 0 0 0 2 19 0 3 0 19 5 10 4 24 0 0.4
34 0 0 0 0 13 0 0 0 36 0 0 13 73 0 3 44 35 12 16 0.46
3 0 0 14 0 0 0 8 2 2 1 10 0 3 7 3 2 7 9 0 0.33
0 0 0 9 2 2 1 18 2 6 18 0 13 0 0 14 0 13 5 0 0.38
51 0 33 20 24 0 0 89 0 39 43 41 0 34 0 0 75 0 1 33 0.55
0 0 5 4 0 16 2 1 3 1 0 1 0 3 0 2 0 0 8 0 0.2
8 0 0 9 4 0 12 3 2 1 0 8 20 2 2 2 0 3 1 0 0.32
39 1 38 0 53 135 36 5 8 9 34 0 0 36 31 47 35 0 0 0 0.61
0 0 0 0 7 23 7 2 6 3 6 8 3 0 1 0 3 6 6 2 0.34
12 0 17 0 76 36 0 113 52 0 7 24 0 0 0 42 0 0 44 0 0.48
0 5 0 0 0 1 4 0 0 0 2 0 0 0 0 3 0 1 0 1 0.08
11 6 3 0 2 1 0 19 7 0 0 3 0 2 0 2 6 0 0 2 0.27
0 0 0 44 0 40 51 29 0 0 36 0 40 6 88 43 34 47 3 0 0.54
0 10 0 0 1 9 7 3 0 16 6 13 1 9 6 9 0 3 14 0 0.47
0 0 0 0 0 0 3 3 0 0 0 0 0 0 1 5 0 0 2 6 0.1
0 0 6 6 0 3 3 1 0 11 0 6 14 1 4 3 1 16 0 0 0.32
3 12 0 1 5 1 6 1 0 0 18 23 0 0 14 1 2 13 0 2 0.36
0 3 0 0 4 16 5 19 0 6 0 6 8 0 0 16 0 0 0 0 0.31
0 66 0 9 35 0 32 0 29 0 34 0 15 7 98 27 0 0 59 6 0.56
0 0 0 0 4 0 0 3 0 0 0 0 0 3 0 0 0 0 1 6 0.08
0 97 0 20 0 18 6 0 0 6 0 61 48 0 20 0 0 30 37 11 0.5
4 7 14 1 9 14 0 14 8 1 3 0 3 15 10 9 5 0 3 2 0.52
4 14 13 3 3 0 17 3 16 0 1 2 2 3 6 0 1 2 0 3 0.36
0 0 10 3 0 20 19 2 3 5 15 0 10 13 0 3 16 18 5 6 0.53
0 0 3 0 0 4 1 2 0 0 11 2 2 24 6 1 12 3 14 13 0.37
6 8 0 0 0 5 3 0 4 0 3 0 3 0 0 0 2 0 0 6 0.19
10 0 0 0 0 0 1 0 2 3 0 9 14 0 1 0 7 0 0 3 0.22
0 1 2 12 0 9 14 0 13 4 1 20 3 0 6 9 4 1 0 4 0.42
0 1 9 3 1 4 0 6 0 3 0 3 3 9 2 3 0 0 0 7 0.27
5 0 12 0 0 7 3 1 0 4 7 8 8 0 1 10 0 7 3 16 0.41
0 6 0 0 1 5 3 1 3 4 8 4 2 3 2 3 3 19 7 8 0.36
0 2 5 0 2 2 3 0 0 0 0 0 0 0 0 2 2 1 0 0 0.09
0 0 0 0 3 2 5 0 0 0 2 0 0 0 0 0 8 1 7 0 0.14
8 34 23 64 126 0 0 42 0 26 0 31 39 0 12 22 105 0 0 102 0.64
8 3 0 0 3 0 0 14 0 0 8 2 2 0 5 1 3 14 10 12 0.37
0 2 0 0 3 0 0 0 2 0 0 0 0 0 0 0 0 3 1 1 0.06
0 0 11 0 10 17 0 0 0 0 0 3 0 10 17 1 0 0 6 10 0.34
0 0 2 0 0 0 1 0 2 0 0 0 0 2 0 0 0 0 2 2 0.05
19 0 4 3 0 5 14 0 10 6 3 6 3 0 3 2 1 0 5 6 0.38
0 0 0 0 3 0 0 4 0 2 0 4 0 0 0 2 1 3 1 0 0.1
0 0 2 1 1 0 4 0 0 0 0 2 5 0 0 4 4 0 0 0 0.11
0 3 0 0 0 1 1 0 3 0 2 0 1 0 2 3 0 0 3 4 0.11
1 4 3 0 13 0 0 6 4 5 0 1 0 3 5 3 9 1 6 9 0.34
0 19 0 0 39 49 0 0 45 0 4 37 0 32 25 31 24 0 27 1 0.52
0 0 8 1 3 0 0 6 0 0 0 3 11 0 0 9 15 7 0 0 0.28
38 0 30 0 0 45 14 0 11 0 38 11 0 37 0 0 40 41 53 0 0.55
0 78 0 38 0 6 0 0 21 40 21 0 29 0 123 32 0 10 13 36 0.58
6 0 5 0 3 0 2 0 0 0 0 2 0 2 3 0 0 0 4 0 0.13
0 2 3 0 0 0 2 0 0 0 6 2 0 0 0 1 0 2 0 4 0.1
5 3 4 0 0 0 0 3 1 6 2 20 6 1 1 3 2 6 18 1 0.31
6 4 0 2 0 3 4 0 0 0 0 0 2 2 1 0 5 0 2 0 0.15
8 0 0 2 1 0 0 9 2 0 2 4 2 0 2 0 3 1 0 2 0.19
2 0 0 0 0 0 2 1 0 1 1 14 3 0 5 0 2 2 0 0 0.14
0 9 10 0 6 3 1 1 2 8 2 10 0 11 6 2 4 0 2 4 0.4
9 3 1 0 0 0 9 10 14 0 2 0 2 3 0 12 0 0 4 1 0.32
0 21 8 1 4 4 0 6 9 4 23 5 1 0 3 1 17 5 3 23 0.47
0 0 2 2 2 3 0 0 0 2 1 0 0 0 3 0 1 0 0 0 0.08
3 6 8 17 0 24 4 11 2 7 22 0 6 4 2 0 3 0 1 9 0.47
8 0 0 7 16 0 22 0 7 4 0 33 0 11 0 48 12 13 0 0 0.48
0 0 0 4 0 0 0 0 0 0 0 0 0 0 2 4 0 4 4 0 0.08
0 0 7 0 0 0 0 3 6 2 10 7 2 0 0 11 12 6 1 1 0.32
0 47 10 28 0 45 21 33 0 36 20 65 44 46 0 20 2 0 0 50 0.66
2 7 0 0 10 0 0 3 12 4 0 0 1 1 0 5 7 0 0 0 0.25
2 9 0 4 6 0 11 16 0 19 3 0 0 8 8 0 3 0 13 0 0.41
0 0 0 0 2 11 0 1 0 33 0 30 33 35 4 31 48 42 38 28 0.53
0 13 10 62 0 40 103 0 24 26 69 0 0 0 32 31 43 30 13 45 0.7
0 0 43 0 37 0 27 0 7 0 38 0 13 8 0 0 35 149 40 39 0.52
5 17 0 0 0 3 0 38 0 33 91 0 0 26 0 0 18 10 0 48 0.44
0 0 0 0 12 0 14 13 0 2 0 1 0 13 0 9 0 0 19 0 0.31
4 2 9 19 0 20 5 0 0 2 5 3 1 5 3 13 3 6 5 0 0.41
35 48 32 11 0 40 33 0 0 159 37 0 0 59 0 38 0 38 2 39 0.61
0 2 0 1 3 2 0 1 2 0 0 0 0 0 0 4 2 5 0 0 0.11
0 0 0 8 1 0 0 0 0 8 7 5 0 0 1 0 3 3 2 3 0.2
3 0 0 19 5 0 5 0 11 1 1 17 1 2 0 0 4 3 9 2 0.33
0 0 2 0 3 1 0 0 0 0 3 0 0 0 0 0 0 0 1 0 0.04
0 4 0 0 5 6 0 0 0 1 3 0 0 0 2 2 0 6 0 0 0.14
15 0 23 38 32 0 0 0 8 8 40 0 41 0 0 0 39 45 0 15 0.53
0 0 0 51 4 31 0 0 31 0 9 7 39 0 113 35 37 48 0 10 0.55
9 0 0 2 0 2 0 0 3 8 0 0 0 1 14 8 2 3 17 1 0.29
0 14 0 10 7 0 0 0 9 11 3 7 9 12 2 3 0 4 0 0 0.42
0 24 0 47 31 3 148 118 0 37 25 0 38 0 37 26 0 0 0 0 0.51
10 12 2 16 0 5 2 0 6 4 0 5 0 0 0 0 0 4 2 0 0.3
2 0 1 0 0 0 3 0 0 2 0 0 2 0 0 3 0 1 3 0 0.08
6 15 22 1 13 19 1 5 8 5 6 0 0 7 3 0 5 3 0 3 0.46
39 32 36 0 0 32 0 40 0 0 0 15 32 34 32 42 41 0 16 36 0.65
1 0 0 2 0 3 2 0 0 0 0 0 6 1 0 0 0 0 0 3 0.09
5 0 4 16 1 0 7 9 0 17 0 3 3 9 2 0 0 11 4 9 0.43
10 10 12 5 1 14 0 0 1 1 2 0 3 3 19 5 5 0 0 19 0.42
2 0 0 1 0 0 0 3 1 0 0 0 3 0 0 6 3 2 0 3 0.12
0 0 0 0 35 35 37 0 18 38 35 0 38 3 4 0 54 0 26 0 0.48
0 0 4 0 0 3 2 1 0 0 0 3 0 0 2 0 0 2 2 0 0.09
1 0 0 2 6 1 0 5 5 0 0 0 4 0 0 0 0 1 2 0 0.13
0 3 0 3 1 0 4 0 0 0 2 5 0 0 0 0 3 0 0 1 0.11
0 0 0 2 0 3 0 3 4 0 3 0 5 2 1 1 1 2 4 0 0.15
2 0 4 3 0 0 6 3 3 0 0 0 3 0 2 0 0 3 0 0 0.14
9 14 3 0 4 9 2 0 10 10 3 5 2 4 0 2 0 0 4 0 0.38
0 46 23 30 48 7 0 0 0 32 14 105 37 0 1 0 0 41 3 12 0.55
3 3 0 2 5 0 3 2 20 0 2 0 4 13 0 16 1 3 0 5 0.31
0 0 56 0 0 19 0 21 41 45 0 0 36 0 67 0 35 116 0 27 0.5
0 0 0 0 4 5 0 0 0 1 0 0 0 0 0 4 0 0 3 0 0.08
1 3 0 10 4 0 9 3 0 8 0 5 4 0 1 5 14 5 6 4 0.39
0 0 0 0 3 1 4 0 0 0 4 0 0 0 4 3 0 6 1 0 0.13
0 0 3 0 3 0 2 0 4 1 0 3 0 0 0 0 0 0 1 2 0.09
6 0 6 0 0 4 0 1 0 0 4 3 0 1 0 3 0 0 0 2 0.15
5 3 0 0 0 2 2 0 0 0 0 2 2 0 0 6 0 0 3 0 0.12
60 47 26 42 12 42 0 0 0 20 46 0 119 39 14 22 3 7 44 0 0.7
4 1 0 0 1 1 0 0 3 3 0 0 0 3 1 0 0 0 1 0 0.09
0 0 8 3 1 8 0 4 0 8 0 2 0 0 2 10 9 2 3 0 0.3
2 2 6 0 2 0 0 10 0 0 6 9 8 4 0 0 0 0 0 0 0.24
2 0 0 68 0 0 0 0 10 32 15 0 33 50 0 22 0 27 44 35 0.5
0 0 4 5 6 5 5 0 2 0 1 3 0 0 0 3 0 2 0 0 0.18
0 4 1 1 8 15 0 12 4 0 0 3 1 8 0 2 0 3 20 12 0.37
12 3 2 5 2 13 10 10 0 0 10 0 15 0 0 0 0 0 1 14 0.41
0 0 2 13 1 8 7 5 0 0 3 0 18 0 4 0 0 1 6 0 0.28
0 0 2 0 3 5 0 0 0 0 3 2 0 0 0 3 0 0 0 0 0.09
0 0 13 33 41 47 0 38 25 0 16 22 0 0 0 0 0 96 31 41 0.55
1 0 21 23 0 2 2 0 3 0 15 0 20 9 1 3 1 1 0 1 0.32
0 0 0 3 3 0 2 0 0 6 2 0 0 3 3 5 2 0 0 0 0.14
0 2 0 30 24 0 0 0 45 144 0 0 0 14 23 0 0 44 24 0 0.4
0 0 0 0 0 42 33 0 13 3 23 4 79 0 0 62 15 26 20 53 0.53
15 34 47 0 0 0 35 0 0 0 40 36 0 96 26 41 8 0 41 30 0.59
0 0 13 0 3 5 7 2 1 5 0 8 2 4 4 0 19 0 11 6 0.38
3 0 0 6 0 1 18 1 11 3 0 2 3 0 5 6 2 11 0 6 0.34
0 34 38 0 0 13 27 49 35 0 37 41 61 19 0 0 31 1 0 26 0.6
0 5 0 13 1 0 0 7 5 8 3 0 0 0 1 8 6 6 0 6 0.32
22 0 10 0 2 10 14 2 0 0 0 0 0 1 5 2 0 6 1 6 0.32
1 4 0 0 0 0 0 3 0 1 1 0 0 0 0 3 0 5 3 0 0.1
0 2 6 0 0 0 0 2 0 0 3 0 3 0 2 0 3 0 2 0 0.11
7 3 2 0 10 7 6 0 0 0 21 3 0 0 2 6 1 1 23 11 0.38
10 1 3 0 7 0 0 5 0 0 0 14 4 4 4 9 10 7 7 1 0.41
10 7 0 0 14 0 0 7 1 3 0 0 0 0 0 0 1 2 0 3 0.22
9 9 5 1 5 12 0 6 12 16 4 9 0 5 3 16 4 10 0 1 0.55
32 34 24 0 64 44 31 0 0 0 0 31 4 17 1 24 36 0 0 40 0.57
6 0 1 1 0 1 5 12 0 0 1 0 9 0 0 21 3 10 13 20 0.38
0 0 8 1 14 0 6 1 0 8 0 0 16 3 0 9 0 9 13 2 0.38
0 0 3 17 2 2 1 0 5 0 4 0 2 0 12 0 14 8 5 0 0.31
47 51 0 32 40 34 23 6 0 0 0 13 21 29 0 0 20 10 34 40 0.68
0 0 49 46 23 37 91 18 1 0 49 49 63 0 7 37 0 42 0 17 0.64
10 0 1 5 7 2 5 8 3 4 4 4 6 1 9 3 0 10 0 2 0.41
0 0 4 4 0 0 0 0 1 0 0 0 0 3 0 0 2 0 6 3 0.11
14 0 14 2 3 0 0 3 7 9 2 1 8 0 0 0 0 0 0 3 0.29
3 0 13 4 0 0 0 2 3 3 11 11 10 10 2 3 0 1 5 0 0.38
1 0 5 3 0 6 7 0 0 1 14 10 1 9 3 3 0 2 2 8 0.35
12 0 2 1 2 0 0 1 0 18 0 0 3 4 18 0 2 11 9 5 0.34
0 0 0 0 0 2 0 1 3 4 0 0 5 6 5 1 1 0 0 0 0.14
4 0 0 0 0 0 4 3 0 0 0 1 0 3 3 0 1 0 0 0 0.09
0 2 2 0 0 3 0 0 0 0 0 0 0 0 0 0 0 2 0 0 0.04
0 51 14 0 0 20 69 0 19 29 9 49 1 0 0 0 0 28 0 34 0.5
46 24 0 26 35 0 45 42 0 29 0 0 0 7 0 59 0 0 14 26 0.53
0 0 0 0 0 0 0 0 1 0 0 0 0 1 1 2 0 0 2 0 0.03
0 0 0 4 2 3 16 4 5 5 5 1 6 23 0 0 3 1 4 2 0.32
13 2 0 0 8 10 3 0 3 0 0 0 7 0 2 1 0 7 6 0 0.29
0 0 0 0 38 40 6 34 41 21 4 0 21 0 3 0 25 35 36 0 0.51
41 49 44 3 16 0 0 42 0 0 0 16 37 0 25 0 0 3 45 98 0.53
40 9 27 0 40 51 21 20 0 49 16 43 0 0 41 9 36 0 35 29 0.74
9 0 6 0 3 8 10 7 9 3 9 0 0 7 0 0 0 6 1 15 0.44
2 6 0 13 0 0 2 0 1 7 2 3 0 11 2 0 9 0 3 1 0.29
0 50 9 34 0 4 39 39 0 0 120 0 0 0 0 37 33 0 32 0 0.46
4 3 0 3 0 4 2 6 6 1 17 1 16 0 2 2 5 0 0 5 0.32
0 0 3 0 0 4 0 8 1 0 0 9 0 0 9 1 8 0 8 7 0.29
49 0 45 14 0 0 35 0 38 34 29 1 30 56 0 0 7 21 4 48 0.61
0 0 14 43 30 0 7 0 30 0 40 0 0 41 40 36 20 19 39 44 0.63
0 0 3 0 0 0 4 3 0 0 0 3 2 2 6 3 0 0 2 3 0.15
14 7 2 10 0 16 1 7 0 10 13 0 0 1 7 13 0 4 3 9 0.5
4 0 1 0 0 0 0 3 2 4 1 0 0 0 0 2 0 3 3 0 0.11
0 4 3 1 5 1 0 0 0 2 0 3 0 2 2 0 0 0 1 0 0.12
3 13 0 37 42 38 54 8 39 0 0 0 0 0 0 37 32 2 38 35 0.56
2 7 5 23 0 0 3 8 0 2 0 10 8 0 4 10 5 9 0 0 0.41
0 46 0 16 43 40 41 0 65 0 56 0 18 0 40 16 0 0 1 32 0.55
1 0 2 3 0 1 1 3 12 0 3 8 1 4 0 2 12 7 0 19 0.33
16 0 0 34 0 0 18 16 0 0 14 0 15 17 20 0 0 33 47 40 0.55
0 51 25 15 10 0 0 0 32 149 19 2 32 10 123 0 33 37 43 0 0.66
3 0 1 1 0 3 0 10 14 18 0 10 15 1 10 1 7 4 18 6 0.48
8 0 5 6 10 3 6 3 0 2 0 2 1 8 4 13 0 5 12 16 0.46
0 0 0 13 51 28 41 0 3 21 13 45 22 0 34 0 46 0 6 8 0.58
60 0 49 0 14 3 0 0 59 0 13 14 39 1 23 44 0 33 10 0 0.56
0 0 4 0 2 0 0 3 0 0 1 0 0 1 0 0 0 1 6 0 0.09
10 13 3 18 1 0 5 6 6 0 15 4 0 10 1 0 0 3 0 8 0.43
0 0 0 33 0 45 38 33 0 1 0 17 130 46 15 33 24 15 16 35 0.65
11 6 0 35 0 0 0 0 43 10 58 37 24 39 31 35 126 0 0 50 0.63
7 2 15 0 4 0 0 0 2 1 1 10 17 0 12 0 2 21 13 1 0.4
23 1 7 5 0 5 0 23 2 2 13 0 6 7 0 5 14 9 0 3 0.46
0 0 0 0 5 0 17 1 10 8 0 0 1 10 2 5 1 6 0 1 0.29
0 0 11 0 0 16 0 2 5 0 19 10 4 2 4 18 23 15 2 14 0.49
0 4 0 0 1 0 0 1 0 0 0 0 3 0 4 0 0 0 0 0 0.06
0 4 0 0 4 0 0 2 0 0 0 0 4 0 0 0 0 0 2 0 0.08
9 3 1 8 13 0 0 0 15 2 9 15 0 0 0 0 2 0 3 2 0.34
38 10 0 108 139 0 39 37 14 31 50 44 0 0 20 111 49 7 20 38 0.78
9 1 3 4 3 6 6 2 4 3 4 2 4 3 1 2 21 0 5 20 0.41
1 3 0 6 3 0 13 0 0 2 1 0 2 0 24 11 5 2 0 0 0.27
2 5 0 2 3 5 3 3 8 14 6 3 2 3 2 21 10 8 1 3 0.44
0 0 6 0 0 0 2 1 0 0 1 0 0 0 3 0 0 0 2 19 0.12
2 0 10 1 2 0 1 0 0 19 12 0 0 1 17 0 0 2 16 0 0.29
24 0 34 0 138 0 12 0 47 35 0 44 46 1 35 38 39 0 0 51 0.6
39 31 48 64 11 22 94 69 46 0 0 51 97 0 18 0 154 10 1 51 0.75
12 0 6 1 0 2 0 5 0 8 0 13 0 4 6 0 0 2 0 10 0.32
0 1 0 0 0 0 0 5 3 0 0 1 4 1 0 2 0 2 0 2 0.1
0 0 0 41 130 40 8 46 37 36 48 138 0 5 0 0 0 41 39 0 0.56
1 9 3 1 17 0 0 6 1 11 0 0 0 0 9 0 9 12 0 1 0.35
0 0 11 4 0 2 0 9 6 8 0 7 0 0 3 5 0 3 0 0 0.28
7 1 0 6 13 3 8 2 2 6 0 2 21 2 0 10 0 9 2 6 0.43
9 3 2 3 7 8 10 1 0 0 3 0 0 8 5 0 3 3 6 0 0.35
0 4 0 0 0 0 0 0 0 0 0 0 0 0 3 0 0 0 3 0 0.05
0 4 0 1 0 1 2 4 0 8 1 6 0 2 3 2 24 0 10 0 0.27
0 3 2 0 1 8 1 9 0 4 0 22 0 21 11 9 5 3 3 0 0.39
5 13 7 0 7 12 0 3 14 5 21 4 4 1 1 2 0 5 1 6 0.45
0 0 43 44 0 0 0 15 31 0 0 0 0 25 19 0 150 0 0 0 0.35
5 0 0 0 1 0 2 0 1 0 1 2 0 0 3 0 5 2 0 0 0.11
12 0 4 1 0 0 0 0 12 0 12 6 2 7 15 0 2 0 0 3 0.32
0 0 15 35 47 3 0 112 33 0 0 151 0 0 9 23 0 49 0 12 0.5
0 3 0 9 5 10 4 0 5 9 14 3 14 3 14 2 0 17 4 0 0.48
0 2 14 9 3 13 1 0 0 6 9 0 15 4 0 6 0 8 10 2 0.45
0 0 6 4 0 11 1 2 4 11 8 0 4 2 13 14 3 2 8 2 0.43
0 3 0 0 0 3 0 0 0 0 1 0 0 0 1 1 4 2 0 4 0.09
0 2 1 0 10 17 14 0 9 12 0 0 3 0 2 9 3 5 10 0 0.42
14 9 27 0 0 0 37 10 0 10 34 37 47 21 37 4 26 0 23 5 0.69
0 0 33 29 0 7 0 44 0 136 0 38 0 60 34 0 0 89 0 12 0.48
2 0 0 0 3 0 0 3 0 3 0 0 0 0 3 0 6 1 3 1 0.12
4 0 0 0 4 0 0 0 0 3 0 0 5 0 0 0 0 6 0 0 0.11
1 0 4 13 5 0 6 4 14 3 9 0 2 1 9 14 0 2 10 6 0.46
1 0 2 3 0 0 0 1 2 0 0 0 0 1 0 0 0 0 2 3 0.07
0 4 0 0 1 0 1 0 4 0 0 4 0 3 0 3 0 3 0 4 0.13
40 0 0 0 0 0 132 0 25 0 39 48 3 16 0 159 0 0 50 32 0.46
0 43 5 10 21 41 60 0 34 59 33 0 0 0 0 0 0 0 23 32 0.52
8 40 0 28 0 5 13 47 0 33 48 15 4 6 0 38 18 0 11 2 0.62
34 5 108 0 0 36 0 0 0 0 0 30 79 0 34 6 51 0 15 0 0.45
3 2 10 6 3 3 7 1 4 18 0 0 5 16 0 13 0 6 1 0 0.4
3 1 1 9 5 8 0 2 0 3 14 5 0 4 0 6 0 0 3 14 0.35
0 0 3 2 0 4 0 0 1 2 2 2 0 1 1 0 2 0 0 0 0.1
11 12 32 23 49 34 0 4 9 35 39 40 32 38 39 7 15 74 0 34 0.85
0 10 12 27 14 88 17 18 23 34 0 13 0 39 0 0 34 31 43 0 0.7
18 4 2 0 9 9 2 0 0 3 0 8 8 0 10 3 0 0 0 0 0.34
24 38 36 0 31 11 40 0 7 31 44 25 0 0 35 0 20 36 22 43 0.73
17 2 2 10 0 1 4 5 1 1 0 5 0 18 11 17 0 0 3 0 0.37
10 14 20 3 0 0 13 5 1 3 3 3 9 6 15 17 0 0 10 1 0.51
5 4 0 6 0 13 5 4 1 7 0 6 11 6 0 0 8 0 2 0 0.37
0 4 0 4 0 0 0 0 0 0 0 3 0 1 0 1 4 0 0 0 0.08
1 8 1 0 0 0 14 14 0 17 1 0 16 6 2 0 6 3 0 0 0.33
1 0 3 0 3 0 0 0 0 1 2 3 2 3 0 0 0 0 2 0 0.1
7 5 22 24 0 14 0 19 14 2 9 4 5 0 0 1 0 1 0 24 0.47
7 0 5 11 15 7 2 1 12 9 7 4 17 9 6 17 7 5 1 19 0.65
14 38 12 39 8 76 0 35 0 32 0 49 0 0 0 0 0 12 0 0 0.49
1 0 0 0 0 4 0 0 0 0 1 0 0 0 2 0 4 0 0 0 0.06
0 18 3 12 5 0 20 2 0 0 9 9 5 3 1 20 4 0 10 0 0.45
33 1 0 0 0 46 0 50 43 139 0 0 20 0 24 11 74 0 0 0 0.45
0 0 6 0 3 18 14 8 0 10 0 10 2 0 0 0 6 9 1 1 0.38
0 2 4 0 2 6 0 1 0 0 0 0 0 0 0 0 0 0 0 0 0.07
0 0 2 0 9 3 10 6 8 19 8 1 10 4 1 0 0 2 3 1 0.39
3 6 0 0 0 0 3 2 0 2 0 0 4 2 0 3 3 1 4 0 0.16
17 37 21 0 44 36 47 33 0 35 36 0 18 0 0 30 11 33 45 46 0.75
1 22 15 0 2 7 18 0 0 4 0 1 10 2 23 7 0 2 0 0 0.38
0 1 0 2 0 0 0 3 2 0 4 4 0 4 2 0 0 1 0 0 0.11
2 1 1 0 7 14 0 0 2 0 19 0 9 9 2 3 10 7 2 0 0.37
3 4 0 1 0 6 0 15 0 13 1 4 10 0 0 0 2 0 12 3 0.32
1 0 10 0 0 0 3 3 5 0 13 3 0 9 0 0 0 2 2 7 0.27
24 7 0 38 0 94 3 0 36 0 0 0 37 44 0 0 75 34 36 35 0.55
3 2 0 0 0 0 8 0 12 11 2 0 0 7 11 9 2 8 2 3 0.38
50 30 39 48 39 39 0 0 55 54 0 49 0 0 0 0 31 30 0 0 0.55
0 0 0 0 15 32 0 5 37 0 35 0 0 0 0 36 0 36 18 0 0.37
1 3 6 6 0 5 3 15 0 2 3 24 3 0 0 17 3 7 4 2 0.39
0 21 69 37 0 15 0 49 37 37 0 119 0 10 0 48 14 32 0 23 0.65
0 78 4 0 35 31 0 19 0 0 32 10 0 17 0 0 49 0 5 51 0.49
51 0 0 0 0 36 41 10 14 0 35 40 34 50 34 97 0 0 9 0 0.59
8 6 9 3 0 3 23 7 12 0 19 5 0 12 3 7 17 13 0 3 0.57
56 4 0 0 0 0 14 0 39 0 0 0 57 17 72 0 0 37 29 23 0.47
0 2 0 4 2 0 1 0 0 0 0 0 2 0 3 0 0 0 1 0 0.07
1 0 14 2 0 14 0 0 0 0 0 2 5 0 2 0 17 5 0 8 0.27
0 11 0 8 0 0 9 0 0 0 2 0 7 0 3 3 3 11 4 8 0.33
0 0 34 31 105 36 86 14 0 21 0 53 0 31 0 30 48 16 38 31 0.7
10 2 5 18 1 15 24 0 3 12 3 1 0 11 0 12 4 5 5 1 0.5
0 0 2 13 7 11 8 36 39 35 43 43 0 0 0 8 0 19 142 0 0.57
17 15 0 7 0 0 0 15 0 48 0 45 27 0 16 41 139 16 7 14 0.61
134 1 0 50 0 0 0 26 0 1 34 34 33 36 36 6 149 35 152 49 0.64
1 4 1 0 13 0 2 0 2 7 0 0 12 1 0 22 17 5 0 0 0.31
0 29 0 23 39 1 5 7 31 0 0 19 33 31 0 39 0 16 35 59 0.61
0 0 4 0 0 1 3 0 0 0 0 5 1 3 3 3 4 0 2 0 0.14
0 0 0 4 3 0 0 0 0 0 3 2 0 0 0 0 2 0 0 1 0.07
0 0 0 0 0 1 3 0 2 0 0 6 0 0 0 0 0 2 0 0 0.07
0 0 2 2 0 0 9 0 7 2 0 3 2 6 2 2 3 8 9 0 0.28
9 38 20 16 20 38 13 59 6 0 34 0 3 0 0 1 35 34 36 74 0.69
4 3 0 19 10 1 0 4 6 13 8 5 10 0 2 5 4 1 3 4 0.45
76 0 37 19 55 0 0 0 0 18 15 0 0 0 0 0 50 2 0 30 0.4
1 16 6 0 16 11 8 4 2 3 13 0 0 7 0 4 4 16 10 1 0.5
0 1 3 0 2 0 0 0 0 0 3 0 3 0 0 0 0 0 0 0 0.06
0 0 0 0 9 3 8 3 3 5 22 6 6 0 0 0 0 8 9 0 0.34
3 2 14 11 8 11 3 0 1 9 3 6 21 0 2 6 9 0 9 10 0.55
3 4 0 0 3 2 0 2 1 0 0 0 2 0 5 1 0 1 1 4 0.14
6 0 3 6 0 3 0 0 0 10 11 10 3 5 6 8 2 2 0 1 0.37
18 0 6 10 0 2 0 1 0 0 15 0 0 0 9 0 10 0 0 0 0.29
1 12 4 12 4 15 0 2 10 0 3 0 5 8 24 3 4 0 0 9 0.46
33 0 17 4 14 34 31 0 24 38 0 78 34 36 0 0 31 156 37 0 0.67
54 3 13 42 27 0 146 0 14 0 3 2 21 0 0 49 17 0 0 0 0.49
1 0 0 3 2 0 3 2 2 0 0 0 2 6 1 3 0 3 0 0 0.14
0 11 0 2 7 0 13 34 77 0 63 31 7 0 34 12 53 0 23 26 0.63
0 0 5 0 0 0 0 0 0 0 5 1 0 0 0 0 1 1 1 0 0.07
0 1 0 0 4 3 0 1 0 0 0 0 2 0 0 0 1 4 0 3 0.09
0 0 0 0 0 0 0 1 0 0 2 1 0 0 0 0 3 1 3 0 0.05
0 0 0 4 1 0 1 0 0 0 4 4 1 2 0 0 0 1 2 2 0.11
0 34 0 0 29 35 33 36 0 0 36 133 11 12 0 0 0 8 39 0 0.54
13 10 4 8 1 0 9 5 0 0 11 3 0 1 3 24 23 2 10 3 0.49
1 0 3 2 1 5 2 0 0 0 2 0 1 3 3 1 0 1 1 0 0.13
0 0 0 2 0 16 6 0 2 3 11 3 6 0 2 0 1 4 7 0 0.28
48 10 124 0 0 0 0 21 20 0 40 130 0 51 0 0 54 0 38 10 0.55
3 4 4 0 6 2 24 5 14 2 0 2 4 1 24 0 0 0 24 14 0.41
0 0 3 0 22 5 0 13 0 2 3 0 1 8 0 0 8 9 0 6 0.32
12 34 98 16 0 60 0 15 36 11 51 10 40 0 0 1 0 0 60 41 0.65
0 0 0 14 50 0 18 0 0 0 28 0 0 15 37 46 43 0 3 37 0.46
19 1 0 9 17 3 7 13 1 16 5 0 1 7 24 0 0 7 10 0 0.5
40 0 38 0 0 26 0 0 17 15 36 28 134 0 33 0 0 38 40 0 0.55
33 0 37 22 33 32 8 0 41 20 49 12 38 41 44 21 0 5 0 3 0.73
0 0 0 0 0 6 0 0 2 1 2 1 0 0 5 0 0 3 0 0 0.1
0 0 0 3 2 11 3 8 0 10 7 4 9 11 18 0 0 1 4 0 0.4
0 6 0 2 16 0 8 0 0 0 1 9 11 0 1 0 0 7 2 16 0.33
0 3 0 16 4 0 8 0 0 5 0 3 3 3 10 3 0 1 4 0 0.28
1 37 44 0 40 42 34 0 33 0 36 0 42 29 39 0 35 0 31 0 0.6
0 0 14 40 0 14 13 0 0 48 14 35 28 0 0 0 0 36 43 8 0.54
0 0 42 18 34 35 0 33 0 0 0 39 100 5 37 156 0 1 23 0 0.53
0 85 0 0 0 40 0 0 17 29 5 5 71 41 159 0 27 9 0 0 0.49
2 3 11 4 3 3 10 7 2 1 9 0 22 4 3 1 1 0 5 15 0.43
2 0 0 0 0 2 0 0 0 0 0 1 4 4 0 0 0 1 0 3 0.08
3 0 0 0 3 0 0 4 14 0 0 2 0 0 0 2 0 19 4 0 0.19
0 1 0 4 0 6 4 1 0 1 0 5 0 0 0 0 0 0 3 0 0.12
0 4 0 0 0 2 8 0 8 5 2 4 0 22 0 18 0 6 14 23 0.39
3 1 2 14 24 6 4 9 2 1 8 1 0 1 0 1 10 10 10 6 0.47
1 9 0 0 10 1 0 0 9 0 2 0 0 0 0 0 9 3 1 12 0.27
0 13 6 15 0 6 1 5 6 2 6 24 4 0 2 0 1 1 10 1 0.4
1 0 0 0 0 0 0 0 1 2 0 0 0 0 3 5 0 0 0 0 0.06
0 0 3 3 1 0 0 3 0 1 0 5 6 0 1 0 0 0 1 0 0.12
0 2 10 11 0 12 3 11 0 6 2 2 0 2 13 4 19 0 7 5 0.46
3 1 5 0 2 1 0 13 0 3 1 5 0 1 19 19 3 11 1 9 0.37
2 1 8 7 0 0 3 4 6 5 4 2 1 6 5 0 7 2 3 6 0.35
0 1 2 2 0 0 9 0 0 0 0 0 1 2 0 1 10 7 4 0 0.19
0 0 0 0 18 0 1 1 0 4 8 10 0 0 7 10 3 5 0 3 0.31
0 0 0 15 53 39 0 26 119 0 51 49 37 39 0 0 35 32 42 41 0.65
24 37 34 45 20 29 10 0 156 44 0 31 25 22 0 12 2 0 29 14 0.76
0 12 0 36 0 8 0 2 51 68 0 3 0 53 70 26 46 50 43 7 0.6
3 22 19 4 2 10 1 6 12 7 0 5 10 2 2 2 3 3 0 2 0.45
8 0 0 4 6 0 18 2 13 9 0 16 2 17 3 1 23 1 6 0 0.45
16 0 0 0 0 33 45 0 47 0 34 31 35 18 19 0 11 0 0 33 0.55
4 0 13 3 1 0 2 0 3 0 23 24 2 3 5 6 24 1 0 22 0.39
2 0 3 0 5 0 4 3 0 0 2 0 3 0 2 1 2 4 0 3 0.17
