5 1 0 0 6 3 8 1 2 0 17 8 4 1 9 8 4 24 0 0.42
4 0 0 3 0 0 2 0 0 5 0 1 0 0 0 0 0 0 1 0.08
0 0 2 1 0 0 2 0 0 0 3 4 1 0 0 5 0 1 6 0.13
3 2 0 1 0 2 9 0 0 3 6 18 0 4 2 2 7 2 5 0.3
1 6 7 6 5 1 1 2 9 10 0 6 0 21 3 1 0 20 0 0.41
9 1 0 5 2 6 3 18 7 3 4 13 1 2 3 0 9 5 2 0.43
7 0 1 0 0 18 0 6 1 2 3 0 0 13 0 1 8 3 17 0.32
0 1 0 11 0 0 4 8 0 0 0 0 0 0 0 0 2 0 2 0.14
0 0 6 0 5 1 4 5 3 0 0 0 0 0 3 1 0 0 1 0.15
0 0 21 0 0 0 0 36 84 50 11 0 0 38 0 0 46 49 0 0.42
2 0 3 0 0 1 0 0 0 0 0 4 1 5 0 0 0 0 0 0.08
0 4 5 5 0 0 0 0 0 0 0 0 3 0 0 0 0 0 1 0.09
0 40 0 40 18 34 73 38 52 36 53 0 0 0 0 0 0 35 0 0.52
0 5 3 4 0 0 0 0 0 1 0 0 0 0 4 0 0 0 0 0.08
1 11 0 9 17 3 4 0 7 0 17 0 10 3 6 1 8 2 0 0.44
0 0 0 1 0 0 1 2 0 3 6 0 2 0 0 0 0 0 4 0.1
4 1 0 2 6 0 0 4 4 2 0 0 2 0 0 1 0 3 0 0.15
4 2 1 0 4 0 0 0 0 0 0 1 4 0 4 0 2 0 2 0.12
0 22 4 6 11 2 10 17 23 5 16 1 3 11 0 0 6 9 14 0.61
3 8 6 0 2 0 2 8 2 5 0 5 3 1 3 2 9 0 8 0.35
4 5 0 11 18 0 0 9 5 2 0 7 11 2 3 8 0 1 2 0.41
0 6 0 2 2 1 0 0 0 0 0 0 0 3 0 3 0 0 0 0.08
0 0 39 0 51 10 25 17 38 16 0 50 0 24 0 39 33 0 35 0.63
0 0 0 6 0 0 0 2 3 3 0 0 3 0 0 0 0 0 0 0.08
0 3 0 0 0 3 3 0 1 1 0 0 7 7 3 3 3 0 4 0.19
0 2 3 9 12 0 0 1 5 3 9 1 0 2 1 0 15 2 3 0.32
8 4 3 0 1 4 0 0 0 14 0 0 5 0 0 0 10 2 6 0.27
0 0 0 1 1 0 2 0 0 0 1 0 0 4 1 0 0 0 0 0.05
0 0 1 3 1 3 0 3 0 3 3 0 0 0 3 1 0 0 0 0.11
0 2 0 0 3 2 4 0 3 0 0 3 6 0 0 1 0 4 0 0.14
0 1 0 0 0 0 0 0 0 0 0 0 4 0 4 0 4 4 0 0.08
1 3 0 0 0 0 0 0 0 2 0 0 0 0 4 3 3 3 1 0.1
0 5 1 10 1 0 2 7 1 6 0 8 0 3 4 4 13 3 14 0.39
0 0 3 5 0 0 0 3 0 2 0 0 0 0 3 3 2 3 0 0.12
6 32 0 16 24 45 0 2 4 0 0 20 0 0 40 0 43 39 6 0.51
25 6 29 0 35 7 5 0 0 0 9 154 33 53 0 0 0 0 0 0.45
18 2 0 0 6 12 24 6 2 10 15 0 0 0 13 7 2 2 0 0.45
1 4 0 0 1 0 0 2 0 0 1 0 6 3 1 0 0 0 0 0.1
0 4 0 0 0 0 2 2 2 0 0 2 4 4 2 0 5 0 0 0.14
0 33 19 0 0 0 30 0 30 0 0 38 2 0 22 39 0 0 52 0.43
0 0 8 0 4 0 0 1 2 0 0 5 10 10 0 0 0 1 7 0.25
0 0 3 0 3 2 0 3 2 1 0 0 0 2 0 0 0 0 0 0.08
5 25 0 25 0 47 40 6 0 0 30 148 0 0 51 0 31 0 16 0.53
1 0 0 13 0 9 9 1 5 1 7 0 0 1 14 5 0 19 16 0.41
3 0 0 4 0 0 0 4 3 0 0 1 0 4 0 0 0 2 3 0.12
3 3 3 0 12 3 2 8 5 2 3 2 13 0 3 3 16 0 5 0.39
0 12 7 19 3 0 3 0 5 9 2 2 3 4 4 11 13 14 0 0.48
8 0 3 1 0 6 0 0 9 3 0 0 11 6 0 2 0 2 14 0.31
0 7 0 5 1 1 0 3 18 18 17 0 11 1 0 3 0 16 8 0.41
3 3 2 0 14 13 3 6 9 0 0 8 0 0 6 15 1 6 10 0.45
0 3 0 0 0 0 0 0 4 0 0 1 0 0 0 0 1 0 1 0.05
4 36 5 0 59 5 35 0 0 25 0 0 0 28 94 0 11 31 17 0.54
2 0 0 4 2 0 0 0 0 4 3 0 0 0 0 0 0 0 0 0.07
0 0 44 18 35 0 44 0 19 29 50 0 17 0 0 46 14 50 46 0.63
0 12 1 0 0 0 1 2 3 0 9 0 0 13 0 16 2 10 2 0.31
0 4 10 1 4 0 10 0 0 0 0 0 0 0 2 0 0 1 0 0.16
16 3 2 0 13 0 0 4 1 2 2 3 2 2 2 9 0 14 5 0.35
0 12 0 0 0 1 0 3 0 0 5 7 2 14 1 0 17 0 0 0.25
0 0 5 0 8 20 11 2 22 13 4 0 2 3 21 9 1 8 10 0.53
0 0 12 0 0 0 2 7 0 0 0 0 0 0 0 7 15 4 0 0.21
17 6 0 27 40 35 0 0 0 14 39 27 30 29 33 44 33 52 2 0.72
32 0 0 16 0 33 38 0 9 0 12 15 6 0 0 41 0 29 0 0.5
0 0 0 0 0 1 0 0 5 2 0 1 0 0 3 0 4 0 0 0.08
3 3 2 0 0 1 0 6 2 0 0 0 0 2 0 3 0 4 0 0.13
0 2 0 0 1 0 5 0 0 0 2 0 0 6 0 0 0 0 4 0.1
15 0 5 16 2 2 16 2 0 13 1 0 5 0 0 3 4 4 10 0.41
5 3 19 5 8 0 0 2 0 16 0 4 3 0 0 0 0 1 0 0.26
0 0 0 7 0 0 10 0 30 0 0 0 23 0 0 0 25 1 42 0.3
2 6 3 0 0 2 7 1 14 1 13 0 2 8 3 3 1 0 0 0.31
0 28 0 48 21 46 24 33 11 60 13 16 13 0 2 53 21 0 0 0.69
0 0 3 9 4 0 19 0 1 6 3 11 4 3 0 1 3 0 8 0.34
35 22 0 20 0 35 0 9 28 0 26 0 1 0 24 35 38 56 52 0.63
0 3 0 8 5 0 1 2 2 13 3 2 4 0 0 4 0 3 2 0.25
0 23 0 40 0 0 0 0 0 39 0 100 0 41 1 29 37 12 34 0.47
0 0 5 0 2 0 1 12 3 1 0 0 9 5 0 0 0 2 0 0.2
0 0 0 1 2 2 0 12 14 0 0 4 1 2 4 5 0 0 2 0.22
1 9 1 0 9 22 0 5 1 0 3 9 2 1 2 2 0 2 5 0.32
21 0 0 2 5 0 0 20 24 3 18 24 0 13 0 1 3 24 1 0.44
0 0 50 35 0 11 32 0 0 5 25 0 97 0 0 11 39 5 0 0.47
6 1 0 5 1 9 2 5 0 0 7 0 14 20 0 1 21 13 4 0.42
0 0 2 3 0 0 0 0 0 0 0 2 0 0 0 0 0 2 3 0.06
12 9 0 6 3 1 2 1 0 15 6 1 9 16 19 0 9 1 0 0.46
15 24 4 0 0 0 0 14 45 34 42 35 0 16 0 17 0 47 34 0.6
8 0 3 4 0 2 0 0 0 1 7 3 4 15 6 0 5 6 0 0.31
19 3 0 3 5 3 10 6 0 0 0 0 1 19 0 0 0 1 0 0.27
0 19 0 0 9 16 3 1 12 2 0 5 2 22 0 5 6 21 10 0.48
39 23 17 0 34 9 0 0 58 30 41 0 46 0 73 0 26 0 31 0.62
0 0 0 2 0 0 4 0 0 3 3 3 0 2 2 1 0 2 0 0.11
6 26 51 19 24 32 21 44 31 133 7 41 0 0 6 3 55 0 34 0.74
3 0 0 5 0 1 0 0 0 2 0 1 1 0 1 0 0 0 0 0.07
0 0 0 2 6 0 0 4 0 0 2 4 0 6 3 0 3 2 0 0.16
6 4 2 6 6 2 5 4 0 5 2 10 14 1 8 0 0 2 13 0.43
1 0 0 2 1 3 1 0 0 3 0 4 0 0 0 0 1 0 0 0.08
30 0 34 0 3 0 33 6 20 9 2 35 0 12 0 23 0 18 35 0.57
34 13 0 19 0 109 0 38 16 35 0 43 15 0 20 5 0 34 0 0.6
6 5 8 2 9 0 5 6 3 0 0 2 1 4 9 0 5 0 14 0.39
0 17 0 0 0 0 3 2 5 9 0 1 23 20 1 4 0 1 9 0.34
0 0 0 1 3 0 0 0 0 0 3 0 2 4 2 0 0 0 0 0.07
10 5 0 3 5 9 7 2 1 1 0 8 0 0 2 4 5 6 7 0.39
2 0 3 4 0 0 1 0 3 0 0 3 3 0 2 0 0 0 0 0.11
41 0 0 16 59 0 25 0 12 34 90 83 0 55 0 34 47 63 37 0.68
33 67 46 15 40 24 82 36 0 0 46 0 0 0 49 33 0 0 0 0.57
14 0 1 6 2 1 0 0 13 5 0 12 0 6 0 5 1 1 0 0.3
33 0 6 0 47 1 30 37 32 0 8 28 32 34 0 0 0 31 26 0.6
30 24 23 42 0 0 39 0 41 0 42 51 0 0 0 0 0 38 0 0.47
2 3 0 5 4 9 2 0 0 4 8 2 13 16 16 0 14 6 3 0.46
3 2 0 8 1 0 8 0 7 3 8 0 3 0 9 8 6 2 11 0.41
3 3 1 4 2 3 1 0 8 0 6 6 5 2 0 5 13 15 7 0.4
31 0 0 39 90 8 98 0 13 0 34 0 47 0 0 49 5 0 10 0.54
3 5 0 3 2 0 3 2 3 0 0 0 3 3 0 5 3 0 0 0.18
12 0 9 0 4 0 0 4 0 11 11 5 1 5 8 2 0 9 0 0.4
37 0 0 0 3 0 10 0 0 0 27 0 0 44 77 38 28 28 0 0.43
34 41 49 0 21 0 16 0 40 1 0 0 34 5 35 35 38 29 33 0.66
0 0 0 0 32 0 43 0 0 45 0 39 0 10 34 33 45 41 0 0.47
0 1 16 0 0 28 0 33 98 29 5 0 52 39 0 34 32 0 16 0.55
42 21 36 0 21 38 146 3 36 36 0 0 33 0 28 35 0 5 6 0.65
0 1 0 0 0 0 3 0 5 0 3 0 4 1 0 2 0 0 3 0.11
5 14 3 0 0 2 10 0 0 9 8 0 13 3 10 0 10 8 7 0.5
18 0 12 6 5 0 1 7 3 11 1 0 6 0 0 1 0 8 4 0.37
34 0 32 32 108 152 15 40 31 26 0 23 50 0 52 78 20 0 0 0.73
0 0 0 5 2 0 9 6 2 4 10 12 12 0 0 0 0 2 3 0.33
6 3 15 1 14 0 1 7 0 11 5 0 2 2 0 10 6 2 0 0.39
0 9 3 0 0 9 0 13 0 0 3 0 2 0 10 0 0 2 0 0.25
19 2 0 6 0 6 0 0 12 0 0 0 11 11 0 15 5 2 0 0.37
0 0 0 0 2 5 2 2 2 0 14 0 1 3 7 0 3 9 12 0.29
37 26 0 23 3 94 0 0 11 34 0 0 0 56 0 23 0 49 0 0.48
0 0 1 2 0 0 4 4 3 3 0 0 0 3 3 0 0 2 0 0.13
5 6 0 0 0 2 0 0 2 0 0 0 2 4 6 2 2 0 3 0.17
4 0 9 0 0 23 0 0 1 14 19 2 7 2 0 14 1 5 0 0.37
140 0 0 23 50 0 67 0 37 34 140 26 0 17 0 41 0 0 16 0.57
8 2 2 0 0 1 9 3 0 0 0 0 0 13 14 1 2 3 0 0.26
45 0 30 0 0 28 0 0 0 16 31 36 4 38 17 49 0 41 0 0.54
1 0 0 0 0 0 3 2 0 6 0 0 1 0 1 0 0 1 0 0.07
2 6 1 2 0 0 4 3 0 3 6 0 0 1 2 2 0 6 0 0.2
0 0 0 2 39 0 15 50 75 31 0 16 0 0 46 6 0 34 0 0.46
60 0 42 4 46 0 3 0 30 4 32 0 49 43 0 156 32 50 38 0.63
7 2 0 5 10 1 10 22 15 1 6 0 0 1 7 0 22 7 6 0.48
1 4 0 0 0 1 0 0 0 5 0 4 0 0 4 0 4 0 0 0.12
39 0 28 0 0 0 0 0 16 0 0 24 0 0 0 0 2 17 0 0.27
0 0 0 5 0 0 0 0 1 0 0 0 0 5 0 0 0 0 0 0.05
85 0 0 9 0 23 50 0 36 0 136 47 62 0 57 34 33 55 44 0.67
5 2 5 6 0 3 15 0 23 2 0 6 1 2 6 2 0 2 7 0.36
0 6 12 0 17 4 5 1 2 3 6 0 0 10 1 0 11 4 8 0.42
0 1 0 16 0 0 0 0 0 0 0 8 0 0 0 8 3 15 0 0.21
21 0 37 49 0 0 41 0 133 0 52 15 49 0 0 39 0 15 0 0.52
48 0 41 0 0 0 55 0 0 40 0 19 0 50 19 7 36 0 0 0.45
32 6 0 15 25 13 49 27 28 0 4 35 38 0 0 50 37 42 0 0.68
0 2 0 0 2 4 0 2 0 0 0 0 0 0 0 4 3 0 2 0.1
8 2 0 14 2 3 7 0 0 0 10 0 14 2 0 7 11 12 1 0.43
34 38 79 0 0 15 38 35 22 0 35 0 42 10 24 21 0 0 13 0.68
0 13 4 1 4 13 1 2 0 0 3 2 4 0 2 10 10 1 8 0.37
0 4 0 0 8 13 0 0 3 9 0 0 11 4 5 0 0 11 15 0.38
1 36 0 41 7 0 0 0 0 23 64 0 60 0 16 34 0 15 0 0.46
0 0 0 2 1 1 2 4 3 1 5 0 0 0 3 1 0 0 1 0.12
8 0 0 1 0 0 4 13 0 0 0 3 8 1 0 15 0 7 0 0.27
0 0 0 0 0 12 0 36 0 0 25 0 0 0 0 72 0 0 37 0.26
0 0 0 0 0 0 2 0 1 0 3 0 0 0 0 0 0 1 0 0.03
1 0 0 0 2 1 0 0 3 11 0 5 0 15 3 21 4 0 0 0.25
0 0 28 34 0 0 9 31 0 38 28 2 0 44 0 48 24 37 0 0.53
0 0 0 0 38 0 0 0 0 0 45 37 0 22 20 33 35 31 16 0.47
0 0 0 4 5 1 3 4 3 4 0 0 0 3 0 0 0 4 4 0.18
23 37 21 7 0 29 0 100 22 8 159 25 37 0 47 25 12 34 0 0.76
25 12 0 31 51 51 0 0 0 1 29 49 41 24 0 0 37 36 0 0.58
3 0 0 3 1 4 0 0 0 6 4 1 0 0 0 6 0 2 2 0.16
0 0 0 0 6 10 7 3 4 0 0 8 6 4 0 7 0 0 0 0.28
0 14 14 0 0 4 5 6 9 0 3 0 7 0 2 1 3 0 0 0.31
0 0 2 33 35 59 27 4 5 34 0 0 38 0 0 47 85 35 0 0.53
34 32 100 0 41 31 48 0 0 0 4 0 36 0 15 27 4 0 23 0.56
2 2 0 3 4 0 0 0 2 0 0 3 2 0 2 3 0 0 0 0.12
10 6 0 0 0 0 0 0 0 1 19 10 0 4 0 0 0 7 15 0.3
0 0 4 0 1 0 2 0 0 2 3 0 0 0 0 0 0 0 0 0.06
36 40 35 0 7 0 0 0 22 44 48 23 0 6 23 11 0 3 44 0.61
0 16 21 26 0 133 0 0 13 36 0 44 27 0 0 4 10 32 45 0.6
2 6 2 1 0 0 3 2 2 1 1 2 0 0 0 0 0 3 3 0.14
5 29 12 48 44 0 0 32 0 37 36 0 0 0 8 31 63 0 11 0.59
5 14 6 7 0 10 10 0 0 1 11 0 5 2 2 4 2 0 13 0.44
0 30 0 0 0 159 0 8 0 40 19 0 0 11 45 47 48 0 0 0.46
1 2 5 0 12 7 1 10 0 0 0 7 4 0 5 2 13 0 9 0.38
6 1 0 3 9 0 0 0 2 5 0 8 0 20 0 1 0 1 10 0.29
0 0 0 0 0 0 0 0 0 0 0 2 0 0 2 0 0 0 0 0.02
3 0 0 0 3 0 3 3 1 2 2 0 0 3 0 0 0 0 4 0.12
39 0 39 0 0 0 0 39 26 5 0 58 0 1 31 23 37 0 0 0.45
29 11 0 33 0 79 27 0 0 0 0 0 63 31 4 6 16 35 0 0.52
8 0 0 0 0 0 32 0 0 0 10 4 0 0 0 5 0 4 0 0.21
3 0 0 0 0 1 0 6 2 1 0 0 0 0 0 0 0 1 0 0.07
9 0 0 1 0 9 3 0 4 18 0 7 0 11 1 2 1 10 0 0.35
42 47 45 7 39 7 23 51 0 27 0 32 34 39 33 0 0 33 0 0.7
5 1 0 11 0 7 2 2 3 10 6 0 10 2 1 1 0 0 0 0.31
0 0 1 2 0 10 0 0 0 0 4 8 0 0 0 0 0 7 1 0.17
0 0 0 0 0 1 6 0 0 0 1 0 0 1 2 2 0 3 2 0.09
0 0 0 0 0 4 4 0 0 2 0 3 1 3 0 6 0 3 0 0.13
57 13 3 40 0 0 31 0 0 20 36 42 0 56 8 0 0 39 0 0.53
12 34 0 50 31 45 35 0 31 0 0 30 0 0 24 0 0 20 17 0.57
0 0 0 3 0 0 2 0 0 0 0 0 0 0 0 1 2 3 0 0.05
1 0 0 0 1 0 5 0 0 0 0 0 0 5 1 0 2 0 0 0.07
0 29 14 3 36 39 27 0 0 40 0 23 37 0 26 2 0 45 0 0.55
0 0 4 0 2 1 0 6 0 3 3 5 0 2 3 0 0 0 0 0.15
10 0 5 11 0 0 0 9 13 0 2 10 5 0 11 0 2 8 7 0.46
0 0 0 2 6 2 4 0 0 0 0 1 0 1 0 4 4 2 6 0.16
16 48 0 0 34 39 0 17 9 49 0 0 0 3 6 0 37 20 0 0.51
3 5 0 3 0 2 3 6 0 0 8 0 2 0 0 7 8 0 9 0.29
0 0 13 0 10 10 0 0 0 2 2 1 2 5 9 15 6 0 11 0.4
0 2 6 0 2 5 0 1 2 0 1 1 18 2 22 6 2 5 20 0.34
3 8 11 5 0 0 0 1 13 0 0 0 3 7 2 5 2 1 1 0.3
2 1 0 0 1 3 7 2 0 1 6 0 9 8 4 3 4 3 2 0.29
0 0 0 0 8 1 0 15 3 8 15 0 0 1 0 0 0 10 0 0.26
1 0 0 0 0 1 0 1 6 0 1 4 2 0 0 0 0 0 2 0.09
7 13 0 15 0 0 0 1 0 5 0 0 8 0 3 1 8 2 0 0.28
0 3 0 1 0 5 24 13 1 1 4 18 1 0 0 10 1 7 9 0.38
0 6 20 33 20 0 32 0 20 36 0 34 0 3 0 0 28 0 35 0.52
4 3 5 4 1 0 0 0 1 0 3 0 0 4 1 1 0 0 1 0.14
0 5 0 2 1 1 10 2 2 21 2 19 9 3 0 0 1 4 4 0.34
3 0 14 1 0 15 0 5 6 0 0 0 9 9 1 6 0 7 0 0.35
7 0 22 0 0 0 39 41 0 16 2 41 0 0 50 32 32 33 40 0.57
2 0 1 12 5 0 0 3 0 0 0 0 7 13 0 5 3 6 0 0.27
10 22 14 0 2 1 17 2 2 1 1 7 24 0 1 0 14 8 1 0.45
4 3 5 0 6 1 0 0 0 7 0 3 1 0 2 0 14 4 6 0.27
51 47 17 44 39 0 0 0 42 0 0 13 0 0 14 46 0 0 0 0.47
3 0 10 0 15 0 0 0 2 9 4 2 0 1 6 8 0 2 13 0.35
3 1 0 0 0 1 0 0 1 4 0 0 0 0 4 3 0 2 0 0.1
16 72 0 38 0 1 0 0 0 0 47 45 90 0 49 41 55 98 127 0.58
1 4 3 0 3 0 3 3 0 0 0 5 0 0 2 0 0 4 0 0.14
3 0 0 2 0 0 0 0 0 3 0 0 4 0 1 0 2 0 0 0.07
0 0 0 1 0 3 2 1 0 10 0 0 11 10 1 4 0 0 8 0.26
3 13 0 3 1 5 3 6 6 5 10 15 12 0 5 14 17 10 6 0.59
4 1 0 0 0 2 0 1 1 0 0 3 0 1 0 0 0 1 0 0.07
0 0 18 2 49 20 0 0 12 0 11 46 0 0 33 34 27 0 7 0.52
0 35 15 0 40 46 7 38 41 48 26 0 36 42 22 20 33 22 46 0.82
0 2 2 5 0 0 2 4 0 0 0 4 0 0 0 0 0 3 0 0.11
0 0 3 1 2 9 1 10 5 1 6 3 0 11 10 1 5 4 0 0.37
7 15 5 0 0 3 7 0 0 11 2 14 0 0 11 8 2 0 0 0.38
15 33 96 60 32 0 0 0 66 84 0 40 23 18 52 30 0 31 0 0.68
4 3 2 4 2 0 0 3 0 1 4 0 0 0 0 0 0 0 1 0.12
0 0 0 0 0 0 0 0 1 1 0 3 3 0 0 0 0 0 0 0.04
3 0 1 0 0 2 3 0 0 0 0 3 1 0 0 0 0 3 0 0.08
1 0 1 0 0 0 0 0 2 0 0 4 0 0 2 4 0 0 0 0.07
0 32 0 0 23 0 0 17 34 0 0 0 0 49 34 0 21 0 7 0.4
50 146 0 2 14 137 2 34 20 28 0 0 4 5 38 0 0 20 18 0.59
4 0 0 1 0 2 0 0 0 0 6 3 1 0 1 3 6 3 1 0.16
0 16 36 24 24 0 0 30 0 5 36 0 14 27 49 34 0 30 62 0.65
1 3 7 1 7 0 9 13 5 0 4 2 0 1 4 14 0 5 2 0.37
0 0 1 0 3 2 0 0 0 4 0 5 0 0 5 0 0 0 0 0.1
3 0 0 0 2 1 0 0 0 0 3 2 0 0 4 4 3 0 1 0.12
2 1 0 4 0 0 0 3 0 19 0 0 2 0 2 0 2 0 10 0.18
15 2 16 3 6 0 21 4 3 21 2 2 2 14 23 10 0 0 8 0.53
0 14 0 0 0 2 4 22 1 5 21 16 5 9 8 0 8 0 3 0.44
24 0 35 0 0 34 0 141 27 41 0 0 23 1 42 0 39 0 29 0.53
1 18 0 5 7 0 0 5 6 0 0 0 0 2 3 7 1 1 0 0.25
0 0 2 0 0 0 2 0 6 5 0 4 0 1 2 6 0 1 0 0.15
99 15 0 30 26 40 0 8 38 57 31 37 0 6 0 39 0 0 5 0.62
2 0 4 6 0 0 5 4 0 2 2 6 0 0 2 6 0 2 1 0.22
0 23 31 0 37 58 41 25 0 12 44 0 5 17 0 0 24 38 0 0.6
6 6 3 8 14 0 2 9 0 12 13 3 12 17 0 13 5 19 0 0.58
3 0 0 0 0 9 2 0 0 2 7 1 0 0 7 2 17 2 12 0.28
0 3 0 0 4 3 2 2 5 2 2 0 5 0 0 0 6 0 2 0.18
1 0 0 5 2 0 0 0 5 0 2 2 4 0 4 0 1 6 4 0.18
0 0 0 10 50 0 23 0 0 15 14 50 0 35 4 41 0 20 46 0.54
0 39 69 0 28 94 0 0 0 0 58 38 50 41 0 0 8 132 5 0.54
0 2 0 0 0 4 0 0 0 0 0 4 0 3 4 4 0 0 3 0.12
2 14 24 6 9 0 0 13 2 20 1 19 1 1 3 20 0 2 0 0.45
0 0 3 0 6 4 2 3 2 2 0 2 0 2 0 1 3 0 3 0.17
32 34 149 0 28 4 25 39 0 45 0 31 42 21 0 33 114 32 34 0.75
0 3 0 7 10 6 3 9 12 14 0 8 13 0 14 0 0 8 17 0.54
6 0 2 0 0 2 0 0 4 3 0 0 0 0 2 0 0 0 0 0.1
30 56 14 0 30 0 41 0 0 26 3 30 13 59 4 0 0 0 0 0.51
2 20 3 15 3 3 2 3 1 1 7 2 5 6 4 23 14 1 5 0.46
0 0 0 0 1 0 2 2 0 2 0 1 3 0 1 0 0 0 0 0.06
43 12 41 60 38 0 20 0 33 30 44 43 0 29 15 51 0 37 13 0.78
3 14 0 0 14 7 5 11 0 0 19 2 3 0 3 2 4 2 2 0.38
19 0 10 12 2 0 3 0 4 10 3 5 0 0 6 1 5 12 2 0.42
66 30 38 0 0 6 0 38 0 47 0 15 0 0 0 0 34 0 29 0.45
0 11 0 19 0 36 0 42 61 0 37 54 14 59 22 30 31 0 33 0.68
12 9 2 16 5 3 2 0 1 0 6 11 0 6 3 1 0 15 0 0.41
1 0 4 1 0 0 0 3 0 0 0 0 6 1 0 3 0 0 1 0.1
0 0 0 3 3 0 0 0 2 5 0 0 2 0 2 0 0 0 0 0.08
1 3 0 0 3 3 3 0 5 2 2 0 0 4 2 0 3 3 0 0.17
6 5 6 14 5 3 7 0 4 9 0 0 0 9 0 7 3 6 0 0.42
3 0 0 0 3 3 0 8 0 0 18 10 8 3 0 0 7 11 0 0.34
0 13 9 13 0 1 13 13 0 0 13 3 7 0 13 12 7 2 3 0.53
3 3 2 1 2 2 12 9 0 0 10 0 2 1 4 1 2 5 0 0.29
11 0 0 0 0 2 5 18 4 0 0 1 0 14 4 0 7 7 0 0.31
0 7 0 8 0 10 9 9 0 0 10 1 6 8 0 7 0 3 10 0.46
3 0 0 0 3 10 8 0 2 3 2 1 0 6 0 0 3 0 19 0.26
0 4 0 3 0 0 0 0 0 0 0 4 3 0 1 4 0 0 0 0.1
0 0 6 0 2 0 5 4 3 1 0 1 0 0 0 3 1 0 0 0.13
0 33 44 40 31 31 43 0 9 0 138 17 34 17 38 0 145 18 0 0.73
0 0 0 2 17 0 8 0 4 0 9 0 0 12 18 0 0 0 0 0.27
0 45 0 50 73 6 8 0 0 66 47 40 0 0 3 2 3 0 38 0.48
0 5 1 0 1 13 0 0 3 0 3 2 0 1 0 8 1 5 9 0.25
0 0 0 0 10 9 14 1 10 14 3 6 12 3 0 3 0 13 5 0.47
32 41 141 0 0 0 55 43 35 27 0 1 3 21 152 23 0 0 51 0.59
0 6 7 6 12 0 8 9 0 3 0 3 0 2 9 10 10 9 9 0.53
32 0 10 5 32 15 0 81 0 0 0 25 27 20 5 12 0 17 37 0.63
2 0 14 2 0 6 1 0 11 1 2 0 0 0 21 0 0 3 4 0.26
2 0 0 0 1 0 2 0 0 0 1 0 0 0 0 3 3 0 3 0.07
18 0 6 1 0 8 11 1 1 2 0 0 4 0 5 2 0 6 5 0.32
19 0 0 12 0 30 15 13 0 40 14 0 35 38 0 32 0 19 0 0.57
0 0 8 19 0 16 0 6 9 13 0 14 0 2 2 1 0 0 0 0.35
0 3 1 3 5 2 2 0 3 2 3 0 0 2 1 6 0 0 15 0.22
1 0 5 0 0 3 1 0 8 9 0 9 2 0 0 13 5 8 10 0.37
0 2 0 2 2 3 0 4 4 0 4 0 0 0 2 0 0 0 2 0.13
17 7 0 0 0 10 9 0 0 6 0 9 8 0 1 0 0 12 3 0.38
0 9 22 3 0 5 0 8 11 3 0 0 3 0 0 13 10 4 2 0.4
0 2 2 2 2 0 0 6 0 3 0 1 2 0 3 0 1 0 2 0.13
2 0 0 0 0 1 0 2 0 0 0 0 5 2 1 0 2 1 0 0.08
11 0 35 12 0 0 41 40 0 0 0 49 0 0 0 0 0 0 99 0.36
107 2 40 0 36 40 46 0 77 33 0 40 27 40 0 154 0 44 0 0.64
3 7 1 3 0 0 8 2 8 4 2 0 0 11 2 0 5 0 16 0.34
0 0 8 8 0 0 0 2 1 0 0 0 14 3 14 0 0 0 0 0.22
9 0 0 0 16 0 0 6 6 1 12 8 11 14 2 8 0 0 6 0.45
12 10 2 0 9 0 1 0 0 14 15 0 13 10 0 1 0 6 6 0.44
0 3 7 11 0 0 2 7 0 0 0 0 2 8 0 7 0 13 0 0.29
0 1 1 5 1 1 2 19 4 2 2 14 5 0 0 3 3 3 2 0.28
2 3 0 0 3 4 3 2 0 0 0 4 0 0 4 0 0 0 0 0.13
3 2 5 0 9 1 3 16 0 0 23 3 10 0 0 13 3 11 3 0.43
17 14 6 0 6 0 12 2 6 4 0 1 7 0 0 0 2 0 0 0.33
0 0 0 0 0 0 0 0 0 0 0 0 0 0 3 0 2 3 2 0.05
6 6 5 0 5 5 0 11 3 4 0 0 4 0 11 7 0 10 11 0.44
1 13 0 5 0 10 20 7 12 13 0 13 2 2 6 2 0 2 3 0.47
40 0 0 0 35 0 31 0 0 0 0 0 4 0 8 16 34 0 33 0.37
22 39 0 14 0 0 33 0 0 0 0 3 0 42 6 34 9 33 38 0.51
5 2 11 14 14 3 1 0 0 6 0 7 10 6 4 7 0 7 0 0.46
13 37 0 36 0 0 46 0 0 41 0 89 81 0 0 10 0 0 0 0.42
0 0 0 24 19 1 2 0 2 9 0 7 0 9 3 3 8 5 13 0.41
0 6 0 2 3 2 0 0 0 1 3 0 10 1 2 0 13 6 7 0.27
1 3 0 0 1 0 0 0 3 3 1 0 0 3 5 3 0 0 0 0.12
0 0 1 4 0 0 0 4 5 0 0 0 4 0 3 0 0 5 0 0.13
0 4 0 0 90 0 30 46 32 83 47 51 34 0 0 10 17 24 13 0.65
30 26 89 36 0 35 47 24 0 1 0 0 0 9 21 4 100 0 0 0.54
10 0 0 10 2 0 0 0 0 10 0 9 14 1 3 3 0 9 3 0.36
0 2 0 0 0 0 0 0 3 0 6 0 3 0 6 0 0 2 3 0.13
2 7 0 2 0 6 8 0 0 6 0 4 4 0 0 0 12 1 3 0.27
0 9 0 0 6 4 0 12 17 0 2 0 1 1 3 5 0 6 0 0.29
0 0 0 2 0 0 0 6 1 0 2 0 1 2 0 0 0 0 2 0.08
0 0 0 0 0 37 52 74 32 28 0 0 0 40 51 0 0 0 0 0.36
0 0 3 0 0 10 0 0 14 12 3 3 0 0 3 0 0 9 0 0.26
0 0 0 2 0 2 0 0 2 0 0 0 0 0 1 0 1 0 0 0.04
0 3 0 0 1 0 1 1 0 3 5 0 0 0 2 2 0 1 0 0.1
0 17 4 3 0 0 0 4 0 2 0 2 0 0 1 1 3 7 1 0.2
0 16 0 31 32 50 0 9 1 41 31 33 43 41 18 11 38 19 104 0.78
0 0 18 0 38 23 2 0 40 51 5 0 38 0 49 31 17 47 36 0.61
2 2 5 23 9 0 4 0 0 17 0 1 14 0 23 10 0 4 3 0.42
6 0 0 1 0 0 0 3 0 2 0 4 0 0 1 0 0 3 1 0.11
0 6 1 0 1 2 13 0 1 11 4 4 3 11 6 3 0 6 6 0.38
10 0 0 0 10 0 0 3 0 4 4 5 5 4 4 11 12 1 0 0.36
5 4 0 0 0 2 8 10 4 3 0 0 2 0 1 15 21 19 2 0.37
7 12 0 0 6 2 2 0 0 0 3 0 0 3 0 1 5 0 0 0.2
0 10 2 3 0 0 0 5 0 12 0 0 21 6 0 0 0 0 3 0.25
0 8 3 0 6 0 5 0 13 0 1 0 7 0 0 9 10 0 0 0.31
1 6 6 4 24 1 0 4 8 11 6 0 1 2 0 3 8 6 7 0.43
0 0 2 1 0 0 0 2 0 0 0 0 3 3 0 0 0 0 1 0.06
3 2 9 4 6 10 12 6 0 0 0 3 3 17 0 2 6 0 5 0.41
1 0 2 3 0 0 8 21 0 15 1 0 0 0 1 7 9 3 0 0.28
0 0 1 2 2 0 2 1 0 0 2 0 2 1 4 0 0 3 0 0.1
51 0 0 0 0 4 0 48 2 64 31 10 6 7 109 34 0 0 0 0.46
1 6 3 1 2 10 3 1 4 0 0 23 3 2 3 0 13 0 0 0.31
2 1 1 1 7 2 0 0 1 0 3 0 0 4 6 9 8 8 1 0.28
1 9 17 0 3 1 0 0 8 7 8 5 13 5 3 0 0 7 11 0.45
11 10 6 3 15 11 3 0 2 8 1 18 0 0 1 0 0 2 1 0.4
14 1 4 0 3 1 0 0 0 12 23 6 0 14 8 10 4 5 0 0.43
23 0 11 38 0 0 0 0 0 0 0 10 32 0 0 25 0 0 15 0.36
0 3 0 3 0 4 0 1 3 0 1 0 0 2 2 0 0 2 0 0.11
0 3 2 0 0 1 2 3 0 1 3 1 3 0 0 0 4 1 3 0.14
0 7 0 5 0 1 2 0 0 12 0 3 0 9 0 10 3 11 14 0.36
29 35 0 0 30 0 29 0 0 0 27 15 32 37 0 41 0 19 0 0.52
37 35 0 43 0 0 39 40 0 0 35 49 4 34 11 0 0 4 0 0.51
3 4 0 0 0 4 1 0 4 0 0 0 0 3 0 2 3 2 0 0.13
5 0 4 0 0 0 1 3 0 0 2 0 0 0 0 0 2 3 4 0.12
41 0 0 143 46 33 0 8 38 3 0 15 0 17 43 40 49 27 46 0.68
0 0 2 0 0 0 3 4 0 0 0 6 0 0 0 1 4 1 0 0.11
29 0 9 35 0 23 3 36 90 35 0 0 29 0 46 6 0 0 0 0.51
2 0 0 10 0 3 3 0 1 7 3 0 3 0 7 13 2 0 9 0.31
0 0 2 6 0 3 4 0 4 2 0 0 0 0 0 0 3 0 2 0.13
3 0 12 4 4 0 15 9 7 0 9 6 8 7 0 3 1 0 0 0.42
35 14 2 0 53 0 0 0 69 20 39 0 0 2 35 0 0 86 40 0.49
10 8 17 0 0 11 2 5 0 6 14 0 0 6 10 4 7 13 0 0.51
0 0 49 39 51 0 33 28 0 36 16 0 37 0 79 0 31 24 33 0.63
0 6 1 4 0 0 6 6 2 0 2 2 0 11 0 0 0 0 4 0.22
16 0 13 3 7 11 1 9 6 17 0 11 0 3 0 2 0 0 10 0.47
7 0 5 8 2 6 19 15 9 1 12 0 8 3 4 0 0 3 3 0.46
3 4 6 21 19 0 0 2 12 4 7 0 16 4 6 13 0 3 3 0.48
40 21 40 33 32 0 0 0 1 13 5 0 0 0 46 0 0 24 0 0.45
8 17 15 5 0 9 3 0 0 3 0 0 9 3 3 17 0 0 7 0.42
14 10 4 1 10 12 0 4 0 6 1 0 12 0 13 0 0 9 6 0.47
4 0 2 0 0 1 3 2 0 4 3 0 4 2 0 0 0 0 1 0.13
0 18 9 0 0 0 0 48 0 22 44 38 0 0 37 6 60 0 11 0.5
0 4 0 0 2 2 0 2 0 0 0 1 0 2 0 3 2 2 0 0.1
119 35 0 19 0 38 15 29 34 0 0 10 0 44 0 46 34 0 0 0.57
0 0 0 0 0 2 0 3 0 0 0 0 0 0 0 0 0 0 0 0.02
0 0 3 0 2 3 2 0 5 0 0 0 0 0 0 3 1 3 0 0.11
5 3 0 2 1 2 0 4 0 2 0 0 6 6 0 4 2 4 0 0.21
1 3 7 4 0 16 13 3 8 0 0 0 0 0 0 0 0 0 14 0.29
31 33 1 49 0 34 0 0 1 0 0 0 76 33 29 0 0 0 0 0.37
2 0 19 0 0 0 18 0 0 7 0 7 1 6 6 3 6 0 11 0.35
1 6 0 0 10 1 0 0 11 8 1 0 10 12 9 0 6 11 2 0.44
0 0 6 4 2 11 3 13 5 2 0 6 3 0 5 1 7 2 2 0.35
1 0 0 0 3 6 8 0 0 0 1 0 1 0 0 1 0 0 0 0.11
0 0 14 0 0 0 31 6 26 42 41 34 37 0 50 87 87 23 26 0.66
3 1 5 0 3 6 1 3 0 0 0 24 1 15 0 11 0 2 3 0.3
0 0 48 0 37 0 0 67 0 30 25 32 33 3 1 39 65 38 123 0.59
1 2 0 2 0 0 0 7 0 3 0 2 3 9 11 1 14 5 18 0.34
3 0 1 5 11 9 2 0 7 11 2 0 0 1 0 12 0 1 0 0.32
1 1 3 6 0 0 0 7 0 0 0 8 0 5 0 0 3 2 0 0.18
15 12 0 1 0 0 4 0 17 3 0 1 0 6 1 2 1 2 0 0.26
0 65 0 50 36 23 12 0 5 54 0 0 0 37 0 35 20 17 19 0.6
0 1 0 0 0 0 0 0 3 0 4 0 0 5 3 2 0 0 4 0.11
0 3 0 2 2 0 0 2 1 0 4 0 0 1 0 0 0 2 1 0.09
0 20 5 12 48 45 0 37 24 0 32 11 39 2 33 57 0 26 0 0.66
3 0 0 0 2 0 1 0 0 0 6 0 0 3 1 1 1 0 1 0.1
7 9 0 0 6 10 0 0 4 7 8 2 19 2 6 17 7 1 14 0.52
34 0 3 36 93 0 0 0 41 18 0 0 19 47 33 44 0 33 38 0.59
0 0 0 1 5 1 3 0 2 2 0 0 3 3 3 1 0 2 2 0.14
0 0 0 17 0 0 34 3 53 121 34 2 10 0 0 49 0 39 42 0.5
29 0 13 55 6 0 13 10 0 0 0 0 0 25 0 46 0 0 37 0.45
6 2 1 0 8 24 4 0 10 0 2 2 6 2 0 12 8 3 0 0.38
0 2 2 2 5 1 0 1 0 0 0 0 9 0 3 7 5 3 3 0.22
2 2 9 10 2 2 2 22 6 0 1 5 6 23 9 4 1 0 14 0.47
31 11 34 35 0 46 31 0 0 0 0 20 0 48 0 7 0 0 36 0.51
0 0 0 0 1 1 2 0 4 0 5 0 2 0 0 5 2 0 0 0.11
0 0 39 34 0 0 40 19 6 0 0 0 0 0 0 0 35 59 0 0.34
3 3 12 8 3 0 4 0 6 17 3 0 10 0 1 3 15 3 1 0.41
4 0 3 5 8 7 0 0 0 6 19 17 0 4 0 3 11 0 0 0.36
0 0 0 0 0 2 4 0 0 3 3 0 2 0 0 1 5 6 2 0.14
1 0 0 1 3 0 0 1 0 0 0 0 3 1 0 0 4 1 2 0.08
5 0 5 0 0 0 0 0 6 2 0 0 0 1 0 0 0 4 3 0.13
0 0 0 5 0 6 0 6 0 6 3 3 1 0 0 0 0 0 0 0.15
0 3 9 2 7 0 0 3 7 0 0 2 24 7 2 2 4 0 0 0.3
39 39 0 38 0 35 0 0 8 31 0 33 0 0 11 40 0 0 0 0.46
0 3 0 0 19 5 0 0 0 0 4 4 3 0 7 7 0 15 18 0.33
10 18 28 0 0 0 43 57 39 39 35 0 69 0 30 10 40 0 91 0.68
7 6 2 0 0 0 0 2 0 14 3 2 0 4 2 7 8 0 1 0.28
43 48 42 0 0 22 0 34 0 10 0 4 0 37 0 0 44 0 159 0.49
0 45 0 0 0 0 0 9 63 23 0 17 60 20 85 36 37 0 4 0.54
23 0 0 60 33 28 32 0 9 26 39 60 0 27 0 39 32 0 40 0.67
2 91 23 137 43 0 27 35 0 11 46 0 0 23 24 148 0 13 3 0.65
2 21 0 5 5 1 1 0 20 20 0 0 0 2 5 11 0 13 1 0.37
0 0 0 10 0 6 0 0 0 0 6 0 0 5 3 13 3 2 0 0.23
16 0 0 0 133 21 0 0 0 1 40 22 2 0 0 24 0 22 6 0.41
0 0 0 0 1 2 0 0 0 0 0 2 0 0 1 3 3 0 4 0.08
44 34 2 7 8 31 0 0 55 0 6 42 38 40 22 48 37 39 0 0.7
0 33 36 0 0 92 0 0 31 0 39 0 42 42 29 0 0 31 16 0.52
9 8 12 5 2 0 2 10 22 10 21 13 10 3 3 4 1 4 3 0.6
0 0 1 0 0 1 0 0 0 1 1 1 0 0 0 1 2 0 2 0.05
14 9 3 0 11 0 16 0 0 0 2 7 3 18 2 1 2 5 9 0.43
2 0 2 14 0 2 0 1 3 9 5 11 2 0 5 4 0 1 5 0.32
12 0 33 0 0 34 70 0 0 36 16 40 19 6 27 14 98 3 102 0.67
3 0 0 0 19 0 2 0 0 1 0 11 3 0 12 6 3 7 1 0.29
0 35 6 30 0 0 64 6 66 0 33 22 0 49 153 18 0 26 0 0.58
0 0 34 22 13 0 2 0 0 47 0 0 15 61 35 0 23 48 34 0.53
6 0 0 5 0 0 0 0 0 0 0 0 0 3 0 0 0 0 2 0.08
10 0 4 0 11 4 0 6 8 0 0 12 8 9 3 0 0 0 0 0.37
0 0 8 0 2 0 7 0 0 2 0 1 1 0 0 5 0 0 0 0.13
5 7 0 9 0 8 3 13 0 0 2 2 10 0 1 17 10 22 0 0.45
60 34 0 0 24 39 0 0 36 45 14 0 14 36 100 2 35 29 0 0.64
0 4 0 0 0 0 4 0 1 2 0 3 0 0 0 1 4 3 0 0.11
2 1 3 3 0 0 2 8 8 15 5 10 0 14 6 7 0 0 2 0.4
12 6 2 1 0 6 0 6 20 0 1 10 1 2 0 3 4 0 4 0.34
24 0 35 29 32 6 0 5 0 20 0 25 37 0 0 19 0 31 40 0.58
6 0 0 3 0 1 0 4 0 0 0 0 5 2 0 1 0 0 1 0.12
0 0 0 0 0 60 0 0 0 48 0 0 17 0 0 0 13 0 47 0.26
3 0 0 3 0 19 6 4 7 1 0 0 3 4 8 15 0 3 7 0.36
6 10 5 0 0 8 10 0 3 2 1 0 9 0 6 3 0 10 3 0.4
0 0 16 0 4 4 0 6 0 5 3 0 0 6 5 5 9 10 1 0.35
4 3 3 2 3 1 3 2 1 0 4 3 1 1 3 0 10 0 0 0.23
5 0 0 0 0 0 1 0 2 0 2 2 0 3 0 2 0 1 0 0.09
36 22 0 148 45 37 0 0 8 38 0 32 18 42 31 79 0 0 5 0.64
0 6 0 2 0 1 0 2 3 6 2 0 0 0 1 5 0 2 0 0.15
0 2 4 3 0 9 2 2 3 8 0 5 0 2 2 7 0 7 0 0.29
0 0 0 0 42 0 42 75 0 0 15 0 0 33 32 0 3 33 46 0.43
16 3 0 0 0 9 0 1 6 14 10 0 0 10 5 3 0 8 0 0.39
0 18 0 0 0 0 0 10 0 29 40 0 39 33 68 0 45 19 0 0.47
0 2 1 0 2 0 0 0 0 6 0 0 0 0 0 0 2 0 3 0.08
17 0 0 0 0 2 0 0 7 3 0 3 1 0 0 3 2 5 2 0.2
0 2 3 0 9 2 1 1 0 2 11 22 0 0 0 0 2 9 3 0.28
11 21 0 0 1 0 0 6 23 2 0 0 0 1 8 0 19 0 1 0.31
48 0 158 110 48 0 0 11 1 27 12 8 26 26 0 1 93 2 39 0.64
0 2 0 0 2 10 14 1 4 2 0 2 2 8 0 10 0 3 6 0.32
8 2 2 7 9 0 3 2 6 1 7 0 2 0 0 0 14 0 0 0.31
3 4 2 1 0 0 0 3 3 0 0 0 3 0 2 1 1 0 0 0.12
0 5 0 0 0 3 14 16 0 0 3 3 1 7 16 0 2 6 4 0.33
2 8 0 0 3 0 0 0 11 0 16 14 0 0 2 0 18 5 1 0.32
78 0 43 144 37 156 23 18 0 0 37 13 0 0 0 33 0 0 0 0.52
0 46 9 0 36 0 0 43 7 39 31 0 0 15 136 0 74 78 0 0.55
1 3 1 0 0 0 0 0 0 0 0 0 2 0 0 0 0 6 0 0.06
0 2 0 0 3 4 0 1 5 0 0 0 0 0 0 0 2 3 0 0.1
0 1 0 1 0 0 0 0 0 0 0 1 4 3 0 1 0 0 0 0.05
12 4 4 13 0 22 0 0 1 20 3 1 8 14 0 2 1 12 5 0.46
0 3 1 1 0 0 0 0 0 0 0 0 4 1 0 1 0 0 0 0.05
0 11 0 9 9 0 4 0 3 0 0 5 8 2 10 0 0 5 0 0.34
23 0 0 0 11 8 0 9 5 9 32 8 0 0 47 0 0 38 33 0.52
0 1 5 0 7 0 10 2 4 6 0 5 2 1 3 5 4 0 2 0.3
15 0 118 4 48 30 1 105 0 2 39 19 79 22 21 32 27 0 6 0.7
0 0 0 0 3 0 3 0 3 0 2 0 6 1 0 0 0 0 1 0.1
0 1 0 0 3 1 0 1 2 0 1 3 0 0 4 3 4 0 3 0.13
5 10 0 3 0 6 9 3 0 0 1 1 12 2 9 1 2 7 23 0.41
0 3 1 0 13 0 13 0 0 0 9 8 0 0 3 9 0 0 0 0.27
8 0 3 7 3 5 0 7 0 3 0 0 7 0 0 4 0 0 0 0.24
2 1 0 0 3 0 4 10 5 3 0 2 3 0 3 3 0 16 3 0.27
0 3 0 0 6 0 4 3 2 0 4 0 2 0 0 0 0 0 5 0.15
4 20 6 0 6 12 0 3 0 10 9 3 9 12 1 4 2 0 5 0.48
2 2 0 0 8 3 0 1 3 1 4 5 0 0 0 7 0 0 14 0.24
0 0 17 0 12 0 0 0 7 25 0 33 0 4 46 89 33 39 37 0.53
3 3 0 15 0 1 6 3 7 2 12 19 19 0 6 6 3 14 0 0.47
2 2 6 7 0 1 0 8 0 0 0 0 0 0 5 0 2 0 5 0.2
5 0 4 0 1 0 0 0 6 0 0 0 2 0 1 1 0 4 0 0.12
4 6 0 0 0 1 0 0 0 0 2 0 3 2 0 0 2 0 2 0.11
4 6 2 4 1 6 0 0 13 0 0 3 3 14 23 10 4 0 15 0.43
0 32 11 0 0 43 0 14 41 37 42 0 0 62 40 19 36 32 32 0.68
0 2 18 8 2 1 7 3 14 6 3 6 0 5 3 1 2 0 5 0.38
9 11 2 5 2 3 0 0 9 10 1 7 0 6 6 2 1 0 2 0.39
0 3 1 1 1 2 0 0 2 6 7 0 0 0 1 4 6 0 6 0.21
0 86 44 34 24 0 30 0 23 39 45 29 0 0 34 0 0 0 35 0.57
0 0 2 0 0 0 6 0 0 3 0 0 0 2 0 0 3 0 3 0.1
9 17 3 3 11 0 4 2 19 2 0 2 0 8 2 7 6 12 3 0.47
0 2 5 1 0 0 0 3 0 0 1 2 0 0 0 0 1 0 1 0.08
0 0 3 0 0 0 0 4 0 0 0 0 0 4 3 0 2 0 3 0.1
0 9 28 0 32 35 0 0 4 0 33 37 31 37 133 38 17 34 22 0.7
0 0 0 0 1 0 0 0 2 3 0 0 2 0 0 6 0 0 0 0.07
0 9 0 8 8 3 9 12 0 0 2 2 14 18 9 0 2 1 0 0.43
0 1 1 1 4 1 0 0 3 0 4 4 0 0 0 1 0 0 3 0.12
0 2 0 4 0 0 0 2 2 3 0 0 0 0 1 0 0 0 1 0.07
28 39 0 0 0 40 0 8 0 22 13 0 0 13 0 0 0 34 0 0.41
7 2 3 0 0 0 4 0 2 7 4 0 16 3 12 0 0 4 2 0.3
0 0 32 49 0 0 47 26 0 0 37 0 33 0 21 0 9 47 0 0.46
0 20 1 7 0 0 8 1 19 6 13 3 10 0 0 3 0 0 21 0.41
22 37 44 3 0 31 28 17 38 37 0 0 5 35 0 32 39 0 36 0.67
36 6 0 0 7 45 37 9 71 0 49 41 0 50 4 0 0 0 0 0.5
13 10 3 4 0 7 1 2 6 1 4 0 5 15 4 3 2 3 0 0.39
4 5 1 1 0 0 1 2 4 0 2 0 4 0 1 2 3 1 0 0.16
3 0 1 0 3 0 0 1 0 0 2 2 0 0 1 0 0 0 1 0.07
16 0 5 0 1 2 2 0 1 2 0 3 4 2 18 3 2 0 17 0.3
13 0 0 7 0 0 4 0 0 2 0 0 2 5 0 8 4 13 13 0.32
35 58 26 33 41 0 36 0 42 40 13 38 43 0 0 0 0 35 15 0.68
0 3 0 1 13 7 0 15 23 3 2 9 2 3 19 3 8 0 12 0.47
41 63 69 0 0 72 55 8 0 117 0 42 45 0 0 5 88 30 31 0.64
30 55 0 15 9 13 0 50 0 31 16 0 35 51 22 0 41 50 33 0.73
0 5 0 1 0 0 3 0 3 0 1 0 4 0 0 1 0 0 0 0.09
2 0 0 0 0 3 0 0 5 0 4 0 0 0 0 0 0 4 0 0.09
0 0 0 1 0 2 0 3 3 0 0 0 0 2 5 0 0 0 5 0.11
37 4 33 0 0 14 0 39 0 26 31 25 39 0 19 15 0 0 33 0.6
0 0 14 12 0 6 0 20 0 18 0 32 31 0 0 42 1 62 0 0.45
2 0 0 0 0 0 0 0 6 0 1 0 3 3 1 3 0 0 0 0.1
9 6 0 3 0 9 0 2 0 2 0 1 12 5 19 1 2 0 12 0.36
23 0 0 0 56 34 0 51 24 0 41 0 0 0 44 6 0 0 32 0.45
6 3 0 14 9 8 5 5 6 3 8 3 10 15 0 3 13 0 1 0.52
0 0 13 0 0 0 10 0 0 0 11 9 0 0 0 1 0 0 0 0.21
0 1 1 5 4 6 7 0 0 3 9 0 3 24 24 0 1 1 5 0.34
3 0 8 2 2 5 17 1 2 3 0 0 9 11 4 6 0 3 9 0.4
0 3 3 5 3 3 8 7 9 0 2 5 0 0 2 0 1 0 5 0.29
0 6 0 0 0 0 0 0 0 4 3 0 1 0 1 0 3 0 0 0.09
13 0 2 0 0 0 2 19 3 9 0 10 10 19 0 7 0 9 15 0.48
43 0 6 24 0 20 7 0 0 30 0 33 26 12 8 0 0 0 23 0.53
1 0 0 7 3 2 1 8 9 0 9 4 0 13 7 13 5 14 0 0.45
0 6 0 4 3 0 0 0 0 2 0 6 2 2 2 4 2 0 0 0.17
4 2 0 0 1 4 6 4 3 4 0 0 4 0 1 0 0 3 0 0.18
0 8 0 0 0 3 7 0 0 4 0 2 12 0 0 13 8 0 9 0.32
0 4 0 0 1 4 2 0 0 0 0 3 0 0 2 0 0 0 2 0.09
1 3 1 10 11 0 5 6 10 7 8 3 0 0 0 0 15 0 0 0.38
0 0 5 3 0 6 3 9 0 10 6 12 8 6 0 0 4 0 0 0.36
33 0 0 0 23 34 0 49 36 3 32 34 37 0 0 17 0 36 45 0.59
0 0 0 0 1 0 0 0 0 2 0 0 1 1 1 0 6 0 1 0.06
7 8 2 9 9 2 2 3 5 6 0 14 10 0 14 9 0 7 0 0.52
10 0 6 0 0 19 14 2 0 1 18 3 0 0 2 1 6 0 0 0.32
18 1 0 6 6 2 0 0 0 6 2 0 4 10 1 0 3 0 0 0.26
3 0 0 0 0 0 0 2 3 0 0 3 6 0 0 0 3 0 0 0.1
0 1 3 0 0 6 0 0 0 0 0 3 3 0 0 0 0 1 4 0.11
1 3 0 0 3 1 2 0 0 2 0 2 0 0 0 0 0 0 0 0.07
22 131 0 38 0 15 0 50 0 2 28 34 0 27 0 0 0 26 39 0.53
7 23 14 5 12 5 21 13 11 2 17 3 7 9 4 5 2 18 10 0.73
0 0 50 0 0 0 15 7 40 33 0 15 50 0 41 0 0 1 25 0.46
3 11 1 2 0 4 3 0 2 23 0 13 4 0 5 0 1 14 0 0.34
0 15 8 1 0 0 0 9 1 6 6 0 10 0 9 0 0 0 9 0.36
0 9 10 0 0 9 6 18 5 9 4 9 1 3 0 0 2 18 1 0.46
3 18 1 1 0 6 10 1 0 6 12 0 7 6 3 0 0 7 7 0.41
21 0 1 0 13 13 0 4 7 0 0 3 1 3 2 0 1 3 10 0.34
0 35 35 50 45 0 28 37 16 0 0 0 3 103 0 0 0 47 0 0.48
3 16 13 9 0 8 0 11 1 7 3 1 0 0 3 0 6 1 2 0.38
6 0 7 1 0 0 1 0 3 0 8 4 11 0 0 0 0 8 8 0.29
0 10 1 1 14 8 6 8 0 0 9 0 0 2 2 14 0 0 0 0.35
0 3 0 14 9 3 0 0 0 0 6 0 14 13 0 0 0 1 9 0.32
47 32 0 40 30 41 12 73 0 0 0 0 0 0 0 0 48 60 0 0.47
11 10 11 3 10 0 5 2 0 2 0 0 0 0 3 0 0 0 1 0.29
2 0 0 2 0 0 0 3 0 0 0 2 0 1 4 0 0 0 0 0.07
3 12 1 3 6 1 5 0 10 10 0 0 1 5 0 0 7 4 0 0.34
55 0 27 0 0 31 58 106 13 25 0 102 40 8 0 22 10 24 30 0.72
0 2 0 3 0 0 0 2 0 5 0 1 4 0 5 0 0 0 0 0.11
0 0 9 0 2 4 0 0 14 5 0 8 0 0 9 3 1 0 6 0.29
4 4 0 0 3 1 0 0 0 7 6 7 0 0 5 13 8 0 7 0.32
4 0 6 0 4 3 0 0 6 0 0 0 3 3 5 0 3 3 0 0.21
5 0 4 11 3 0 0 0 0 3 3 0 3 0 10 0 0 0 9 0.26
1 0 14 1 23 1 0 0 12 0 0 4 0 1 4 6 0 8 8 0.33
0 0 2 0 0 0 0 4 2 0 0 2 0 1 0 1 2 0 0 0.07
9 5 10 0 10 0 3 0 10 0 0 1 3 1 3 1 20 6 3 0.39
0 1 0 0 2 3 1 0 0 0 4 0 0 0 0 0 0 0 2 0.06
11 15 2 1 5 0 14 0 11 0 5 0 0 2 0 0 0 0 3 0.3
18 3 5 4 2 0 10 17 2 9 4 4 0 0 0 3 1 1 1 0.36
0 3 0 4 0 2 5 0 0 2 0 5 0 0 2 0 3 3 0 0.15
0 0 0 35 29 61 0 34 40 7 38 23 29 0 0 56 0 38 23 0.61
0 0 0 0 0 1 0 0 0 3 0 2 0 1 0 2 3 0 1 0.06
0 0 0 10 8 7 0 2 7 5 5 0 4 1 6 7 0 15 1 0.38
4 3 1 3 19 1 1 3 0 1 11 2 7 1 6 3 0 0 0 0.29
40 8 10 0 0 60 32 0 11 41 0 142 2 33 3 0 40 0 31 0.59
0 0 0 0 16 0 132 0 0 30 32 0 39 21 0 0 43 0 0 0.36
8 0 7 0 19 0 0 2 7 0 3 0 2 3 13 0 4 0 1 0.3
0 60 10 0 0 36 0 42 33 29 31 26 7 0 0 37 23 4 5 0.61
4 5 10 2 0 0 5 6 0 1 2 3 22 15 12 0 2 0 1 0.37
0 1 0 1 0 0 0 0 3 1 2 0 0 0 2 2 0 0 0 0.06
0 0 5 10 13 2 2 13 3 6 0 7 6 0 13 3 2 0 0 0.4
0 2 6 2 2 0 0 1 2 9 0 10 0 0 5 0 2 0 1 0.22
0 1 1 6 3 2 0 1 1 1 1 11 1 11 3 3 3 8 8 0.33
40 0 0 0 9 7 16 34 28 0 33 42 0 15 0 32 18 17 0 0.61
0 6 1 4 4 0 1 0 1 0 0 0 0 0 0 0 0 0 2 0.1
0 0 78 0 0 16 24 32 0 9 29 0 152 147 12 24 0 29 0 0.57
0 0 0 3 2 0 1 0 0 0 0 0 1 0 0 0 0 1 0 0.04
0 37 37 0 35 29 40 0 0 0 159 23 39 137 32 2 34 0 31 0.64
3 18 2 5 7 6 3 1 0 0 0 2 3 7 3 5 0 1 9 0.35
41 52 0 0 40 19 30 48 0 87 0 16 0 93 11 42 0 13 23 0.68
3 2 0 0 0 0 0 0 2 0 0 0 0 0 1 0 1 0 0 0.04
0 0 4 1 0 1 0 0 0 3 1 0 1 5 5 1 0 0 0 0.11
3 0 0 0 1 0 0 0 2 4 0 0 3 0 3 0 1 0 6 0.12
0 12 10 0 9 2 3 2 2 0 0 3 0 0 0 0 10 0 0 0.26
0 0 0 1 3 0 0 4 0 2 0 0 2 3 0 1 0 0 0 0.08
0 0 0 0 0 0 0 0 0 3 4 0 0 0 0 0 0 0 0 0.03
0 82 39 0 0 0 34 0 20 0 18 35 17 0 0 0 10 0 35 0.47
3 19 2 3 0 0 0 4 3 12 3 5 3 2 12 10 14 13 1 0.46
0 10 0 0 0 15 0 0 0 2 12 6 13 0 0 3 11 4 0 0.34
25 16 0 0 17 0 38 32 0 8 34 0 0 0 0 32 26 0 35 0.51
0 32 30 129 36 9 5 0 16 0 13 44 24 11 57 3 36 47 0 0.72
0 23 0 0 40 28 0 58 47 9 9 0 0 31 26 37 32 23 27 0.67
1 2 0 0 3 0 0 0 2 2 4 0 0 0 3 2 0 4 0 0.12
0 3 1 0 0 2 15 0 5 1 9 10 1 7 0 3 0 1 0 0.27
0 0 9 4 8 2 24 5 13 0 0 4 0 0 7 4 4 0 8 0.39
1 0 4 0 0 0 0 1 0 1 1 2 1 0 0 2 0 0 0 0.06
4 0 0 0 3 1 0 2 1 0 3 0 4 1 2 5 0 3 0 0.15
0 2 10 14 0 3 8 2 9 0 12 0 6 5 0 10 6 1 0 0.43
0 31 1 0 49 0 0 0 25 0 0 0 8 45 0 8 0 0 40 0.35
10 0 8 5 13 5 6 6 9 10 6 0 11 5 5 7 0 4 3 0.57
0 23 0 0 2 0 5 8 0 2 2 7 9 1 6 8 4 7 6 0.4
0 0 5 4 6 10 3 2 4 0 0 1 13 0 3 2 6 8 10 0.38
3 1 18 0 0 2 0 0 1 5 6 2 2 0 16 0 14 14 0 0.32
4 11 5 5 13 2 15 11 13 0 1 4 0 0 14 4 0 0 3 0.46
0 38 0 0 0 21 0 17 0 0 0 1 7 75 0 0 0 0 0 0.25
0 0 12 0 10 0 5 4 0 0 0 0 2 0 0 0 1 0 5 0.19
1 2 0 0 0 0 3 4 4 2 0 2 1 2 0 0 0 0 4 0.13
14 36 30 28 0 30 7 0 8 0 18 8 30 47 0 0 6 25 0 0.62
0 13 11 1 3 5 10 12 8 6 0 0 0 9 3 8 9 1 2 0.5
64 31 42 19 15 10 0 42 7 22 0 24 82 0 0 0 0 33 0 0.61
1 4 0 0 0 0 0 4 0 3 0 4 0 0 1 0 3 0 0 0.1
8 0 0 0 37 38 30 0 40 32 33 38 0 0 51 0 1 0 0 0.46
1 4 4 3 0 0 0 10 8 0 0 0 2 0 9 8 0 9 15 0.35
0 0 40 14 0 32 36 27 0 0 49 7 0 48 0 30 35 3 15 0.57
18 6 0 10 0 4 0 0 1 9 7 10 0 0 0 0 0 4 0 0.32
0 14 0 4 0 2 5 17 14 0 1 0 5 1 0 7 4 0 2 0.32
16 0 0 15 0 0 38 0 4 0 0 41 47 31 38 0 37 0 57 0.49
0 0 0 1 3 0 0 6 0 3 0 11 8 10 0 0 1 19 6 0.3
4 0 9 3 8 3 11 0 10 0 2 1 9 13 21 15 2 0 2 0.48
2 0 2 10 22 2 0 7 11 6 3 0 0 5 1 0 0 9 23 0.4
0 0 1 5 2 0 4 2 10 10 1 0 3 1 0 0 4 9 3 0.28
17 43 11 15 28 0 0 28 39 0 28 0 0 39 25 0 21 43 90 0.68
2 4 0 3 0 0 2 1 1 0 0 0 0 0 0 2 2 4 0 0.11
1 8 0 5 0 0 5 9 0 2 18 5 0 1 2 9 12 0 13 0.4
0 71 36 22 0 35 0 4 40 20 25 0 0 92 0 29 22 7 28 0.63
0 4 0 1 2 0 3 0 9 0 1 2 2 6 1 0 0 7 12 0.25
2 3 2 2 0 0 1 0 3 4 0 0 1 0 0 0 1 0 0 0.1
0 1 0 1 1 0 0 0 0 3 4 0 2 0 0 0 5 0 0 0.08
7 19 0 1 2 1 5 0 0 13 0 10 5 0 4 6 0 5 4 0.36
8 1 14 2 2 2 1 14 0 3 13 0 1 14 0 11 1 13 6 0.45
1 3 4 4 2 0 1 1 4 0 0 2 0 0 0 0 1 0 0 0.12
5 1 4 0 7 9 0 0 0 3 0 2 0 0 6 0 0 8 8 0.27
0 0 11 8 15 5 5 8 3 0 4 3 13 0 3 0 18 2 9 0.47
11 7 6 0 8 0 3 0 10 7 6 0 0 12 1 18 8 2 1 0.46
10 5 3 8 0 3 4 13 1 3 0 8 0 4 2 0 1 0 1 0.33
0 1 1 0 3 2 0 0 4 3 1 3 0 0 0 5 0 0 3 0.13
6 4 17 0 1 9 3 0 0 0 3 11 6 7 1 20 0 4 3 0.4
15 0 10 0 1 0 0 3 3 8 0 0 1 0 0 5 0 0 2 0.22
0 14 0 3 7 4 14 0 1 6 0 0 0 1 7 4 0 8 0 0.32
0 0 0 49 0 0 84 0 0 0 81 0 0 0 41 9 0 0 0 0.25
0 0 44 36 37 0 0 157 22 35 1 49 16 0 0 23 32 0 14 0.58
35 0 67 17 16 39 38 29 7 27 0 37 46 0 0 2 33 17 20 0.73
1 0 0 0 0 2 0 3 0 0 0 0 3 0 0 0 0 5 0 0.07
14 0 46 0 41 14 99 15 32 6 0 33 0 0 27 52 36 23 19 0.71
0 0 0 6 1 8 2 0 0 6 2 0 2 0 0 8 0 0 2 0.19
0 8 3 2 3 2 0 11 1 1 2 14 2 3 3 0 1 8 2 0.32
3 2 3 0 4 0 5 0 0 3 0 1 3 0 4 0 0 0 4 0.16
1 1 0 0 4 0 2 7 0 0 0 0 0 1 13 0 0 0 8 0.17
0 6 6 0 0 0 1 0 0 0 2 1 0 0 3 3 5 0 0 0.14
0 0 0 0 0 3 4 2 0 0 0 0 0 0 3 0 0 0 5 0.08
0 0 43 37 0 41 40 35 0 3 0 21 57 24 0 0 25 36 32 0.59
3 9 2 5 2 13 6 4 2 8 7 8 10 10 3 0 5 3 3 0.52
12 10 0 7 0 15 0 0 0 9 0 2 5 13 0 0 15 1 0 0.38
0 4 0 0 0 0 2 1 0 0 1 0 0 0 0 2 0 0 1 0.05
0 44 41 0 19 39 31 40 30 36 44 32 0 5 0 6 32 41 0 0.68
6 2 0 0 0 5 7 0 9 10 0 0 4 5 13 5 0 9 0 0.37
0 9 7 17 2 0 0 6 3 0 0 12 0 0 2 0 12 2 0 0.32
0 44 18 36 0 0 36 19 46 33 0 24 0 0 0 83 40 32 0 0.57
10 2 14 9 1 0 0 0 5 0 2 7 9 0 8 16 13 9 1 0.48
0 1 0 4 18 15 4 0 0 0 2 4 19 0 0 0 0 0 17 0.28
0 13 0 4 1 0 7 3 0 0 5 0 0 2 1 3 5 1 14 0.27
0 0 0 0 12 0 5 152 74 35 32 0 43 11 0 0 38 69 0 0.5
0 4 0 7 0 0 0 89 38 34 0 0 0 31 0 16 14 16 0 0.42
32 32 0 0 0 46 4 32 96 56 31 0 39 0 0 0 0 8 0 0.48
3 0 0 1 0 0 0 0 0 0 0 0 0 0 0 0 0 0 0 0.02
0 0 0 0 0 36 16 54 0 13 35 118 0 0 0 0 0 0 11 0.36
3 0 0 2 6 16 0 3 5 0 1 21 5 1 16 10 22 24 4 0.47
11 2 1 0 3 3 2 22 6 0 1 16 0 4 6 1 0 13 1 0.36
0 0 6 0 0 0 0 1 1 0 0 0 0 3 3 0 0 0 0 0.07
17 4 0 8 0 0 1 0 14 0 0 14 18 3 1 9 17 10 10 0.5
36 0 0 0 0 0 0 37 27 40 36 33 0 42 0 3 0 0 0 0.38
0 1 0 1 0 5 2 2 0 4 0 0 0 0 0 3 0 3 2 0.12
116 0 36 16 0 15 38 66 0 0 0 32 0 0 27 0 0 29 45 0.52
13 0 6 3 6 1 0 0 0 3 1 7 0 12 0 0 0 1 2 0.26
0 5 0 48 0 13 0 30 25 0 4 0 0 41 54 12 0 0 32 0.46
0 1 0 0 0 0 0 8 6 0 3 0 12 0 8 2 8 7 6 0.31
24 25 9 0 0 22 0 0 0 8 38 0 28 32 4 47 0 1 111 0.53
0 3 1 1 0 0 1 0 0 0 0 0 4 2 0 2 0 0 0 0.07
10 0 7 0 5 0 9 6 11 0 20 4 14 2 8 0 3 10 1 0.5
11 7 0 14 1 15 5 13 0 7 0 14 8 0 0 8 2 2 5 0.5
6 6 0 12 14 5 0 10 1 0 3 0 0 0 0 6 6 6 12 0.41
96 19 0 34 88 0 0 0 0 0 43 0 47 0 0 36 0 57 14 0.47
0 9 0 0 7 8 0 8 15 6 11 0 1 18 1 15 1 10 3 0.49
33 83 36 47 6 25 30 36 6 34 69 18 6 17 35 73 17 0 40 0.88
3 0 8 0 0 14 9 0 6 0 14 4 2 5 0 2 9 0 2 0.36
3 3 14 0 4 3 1 1 2 0 0 7 9 0 1 4 0 1 0 0.25
61 0 0 26 0 44 0 32 19 0 0 5 0 34 0 97 0 43 10 0.5
0 37 5 57 35 48 0 31 0 102 0 5 36 0 56 25 43 0 0 0.57
2 13 13 14 8 1 0 2 9 8 2 9 1 0 1 3 0 5 0 0.42
31 37 2 13 15 0 58 0 2 0 41 26 41 0 28 0 17 39 0 0.6
3 3 6 6 6 2 6 0 0 21 4 0 12 0 0 10 1 2 3 0.37
0 14 0 3 0 6 2 10 0 2 12 8 0 9 18 0 0 2 0 0.37
0 2 0 0 16 9 7 24 0 0 3 2 8 10 3 0 9 8 1 0.43
0 10 2 0 2 2 0 3 1 1 0 5 0 2 3 11 3 1 2 0.24
6 6 0 8 0 6 2 0 9 3 1 4 4 4 1 0 8 1 4 0.35
0 16 51 36 0 0 0 118 37 0 36 0 35 0 24 0 0 12 104 0.52
9 13 6 0 7 12 0 8 4 0 10 4 4 7 1 12 2 16 0 0.53
51 0 35 19 0 97 42 45 32 39 10 20 0 8 4 0 0 23 0 0.64
1 0 0 0 5 10 7 0 10 3 0 0 19 6 1 14 2 3 15 0.41
0 6 0 14 5 1 24 0 13 6 1 11 3 3 2 0 2 3 1 0.38
1 3 10 5 1 1 2 12 10 10 3 0 0 10 3 17 2 0 1 0.43
8 15 0 2 2 9 9 14 0 0 2 4 8 5 1 10 0 9 0 0.46
2 0 0 14 5 2 2 12 0 7 9 23 4 0 2 10 0 4 2 0.41
5 7 0 5 0 12 2 0 21 0 1 2 3 8 9 1 0 1 3 0.35
0 0 5 0 0 3 3 2 0 0 5 0 0 0 4 2 0 2 2 0.14
0 7 0 0 50 0 12 6 19 0 19 0 39 0 0 0 4 33 0 0.4
88 56 89 0 0 0 25 0 24 0 14 31 37 0 0 6 29 14 28 0.61
0 0 9 2 5 6 0 16 0 1 2 10 0 2 11 6 8 0 18 0.42
2 10 0 0 2 23 3 9 0 0 2 3 7 3 6 2 0 20 0 0.36
0 0 0 3 0 0 0 0 0 0 0 0 0 0 0 2 0 0 2 0.03
0 10 0 0 3 0 9 0 2 14 1 14 0 8 12 0 2 8 0 0.38
44 50 41 43 42 0 67 37 41 36 0 35 0 0 23 6 24 0 0 0.66
12 7 2 0 10 8 11 0 1 5 10 3 0 10 1 0 0 6 0 0.43
4 2 3 6 6 5 0 0 3 5 0 3 3 0 3 0 1 2 0 0.24
59 0 49 32 27 0 51 31 34 0 39 0 0 0 57 59 51 8 11 0.67
0 0 0 0 0 0 0 0 0 0 0 0 2 0 0 0 1 4 2 0.04
0 4 3 2 0 0 0 1 0 0 5 0 0 2 0 0 0 0 0 0.08
15 10 0 13 2 0 4 24 2 1 22 5 4 1 1 0 0 1 0 0.37
0 35 28 47 39 0 0 47 0 20 0 48 39 51 36 0 16 0 16 0.63
16 36 45 28 16 84 33 38 0 36 0 0 36 0 0 36 40 0 0 0.63
4 3 12 20 0 9 7 23 1 5 1 3 10 0 13 13 1 1 8 0.54
1 1 11 3 0 2 0 17 0 19 0 0 5 3 3 3 0 0 0 0.26
0 3 11 0 1 15 0 4 6 0 19 6 18 0 4 0 3 1 10 0.41
12 0 0 5 0 0 2 1 3 4 11 6 6 8 6 12 17 0 1 0.43
0 34 32 32 0 0 0 4 11 0 21 41 0 36 6 47 0 0 0 0.47
0 3 1 2 0 6 1 3 0 1 0 2 1 0 0 6 0 0 3 0.15
0 118 39 93 28 0 36 0 31 0 40 33 0 7 0 0 0 51 95 0.56
3 3 8 0 6 3 2 5 12 1 7 6 1 0 4 0 21 0 5 0.38
2 0 8 8 3 1 8 2 2 7 3 4 3 0 0 10 2 0 0 0.33
21 129 13 139 36 0 0 56 0 20 9 34 0 49 0 34 23 0 22 0.67
6 0 0 6 16 17 0 3 0 10 0 0 0 3 11 0 2 4 3 0.35
0 0 39 28 7 0 16 0 0 0 41 33 0 0 0 116 0 77 39 0.45
0 0 0 3 1 2 0 7 0 0 12 5 5 2 23 13 7 2 20 0.38
2 4 0 6 0 2 2 6 13 0 11 3 1 22 0 9 18 19 1 0.45
0 3 0 0 1 10 4 1 0 19 1 0 0 12 0 0 4 8 2 0.28
0 17 0 0 0 136 0 19 0 16 40 37 0 22 0 0 9 0 27 0.46
0 0 13 0 18 11 10 7 0 6 1 0 0 0 1 0 8 2 0 0.34
0 0 0 1 0 0 1 2 3 0 0 5 1 0 0 0 4 4 5 0.13
6 35 40 32 0 0 8 40 3 31 0 3 0 0 95 46 50 47 8 0.62
0 0 56 0 0 0 0 15 38 2 0 53 11 0 16 7 32 0 0 0.41
0 2 0 0 0 2 0 6 0 0 2 2 2 11 10 4 1 1 0 0.22
2 0 4 0 0 0 4 0 1 0 4 0 3 3 0 6 0 0 3 0.15
0 2 0 8 14 0 28 0 27 0 6 0 10 35 0 0 26 4 37 0.47
0 33 0 7 22 40 0 20 31 0 51 112 41 32 36 22 28 0 38 0.72
0 0 12 10 0 0 12 8 9 0 0 2 2 0 0 3 5 0 3 0.32
32 1 0 105 0 0 0 40 0 15 29 5 17 0 9 46 34 53 24 0.6
2 0 0 0 0 3 0 0 0 4 0 0 2 2 2 0 0 0 0 0.07
0 0 16 16 21 0 40 0 0 0 0 0 29 0 0 0 42 0 0 0.31
12 90 33 0 35 0 23 0 0 20 22 32 0 33 33 32 14 13 0 0.68
0 0 0 2 0 0 3 0 0 3 0 5 0 0 0 3 0 0 2 0.09
0 0 0 23 53 47 8 0 0 0 8 0 37 0 1 0 53 0 0 0.35
5 12 9 0 19 7 3 0 6 1 2 21 5 14 3 0 0 0 2 0.43
0 0 1 0 0 1 0 0 1 0 0 0 0 3 1 0 0 1 0 0.04
8 9 17 0 2 0 0 5 0 8 10 0 10 0 19 2 2 0 9 0.44
1 0 3 7 3 5 5 0 0 19 10 8 0 0 0 7 0 0 10 0.36
5 0 4 3 0 0 0 2 0 0 0 1 0 0 0 1 1 6 3 0.13
0 0 0 3 6 10 8 0 2 0 0 0 2 0 0 10 0 0 10 0.26
0 0 3 0 0 0 0 1 1 0 0 2 0 3 0 0 0 0 3 0.06
34 144 0 0 44 2 0 0 0 0 44 0 11 28 0 0 1 0 0 0.33
0 3 0 0 7 0 11 0 3 1 5 6 0 5 7 0 0 5 8 0.31
2 1 1 0 0 0 3 2 0 0 1 0 0 0 0 8 0 11 0 0.14
14 3 13 9 0 13 3 1 2 0 11 18 0 19 0 0 10 3 1 0.48
4 0 0 2 0 2 0 5 0 0 0 1 3 0 0 2 1 6 6 0.16
7 1 16 9 0 1 0 12 0 0 0 2 0 0 10 9 0 0 6 0.34
40 0 0 0 0 40 3 0 0 34 29 0 19 94 20 0 0 0 12 0.43
0 3 0 2 3 3 0 0 0 0 0 2 2 6 3 0 1 0 1 0.13
6 0 0 0 0 0 1 0 1 0 0 0 0 0 0 0 3 0 0 0.05
2 0 0 3 3 4 0 0 0 0 0 4 6 3 0 0 0 0 0 0.13
5 2 2 0 2 2 2 4 0 0 0 2 3 0 2 0 2 0 0 0.14
0 15 11 0 3 0 7 3 2 10 0 3 4 18 0 0 9 3 5 0.41
9 3 6 9 3 5 2 2 11 1 14 7 8 3 2 0 6 3 1 0.47
19 0 3 7 24 0 3 1 2 6 2 2 11 6 3 5 3 12 0 0.43
0 9 0 22 0 0 0 14 0 0 36 21 0 0 0 0 0 4 42 0.33
0 10 2 18 0 3 9 0 2 8 5 3 0 1 0 8 0 0 3 0.33
1 2 9 12 0 9 9 0 0 20 0 0 6 17 1 2 5 7 10 0.47
0 21 0 34 0 31 51 0 39 0 18 46 0 28 123 0 0 28 0 0.52
4 0 9 7 0 9 15 45 34 0 48 0 0 40 38 19 15 48 20 0.67
0 18 17 0 14 53 52 5 94 35 35 0 15 31 0 50 38 0 19 0.71
2 28 67 33 0 0 0 42 15 39 87 51 64 21 64 34 37 0 0 0.69
75 0 15 0 0 27 0 0 0 29 0 19 12 74 11 0 18 0 0 0.47
6 6 6 3 9 4 0 7 2 2 12 3 2 0 0 12 10 0 16 0.47
23 3 15 3 0 8 1 4 0 6 0 10 10 9 6 3 6 0 4 0.48
3 0 0 2 0 4 3 0 0 0 0 0 0 0 0 0 2 0 0 0.07
53 26 34 0 6 21 0 42 0 16 0 20 1 34 0 74 0 5 9 0.58
75 0 0 5 19 0 27 13 35 0 40 33 71 32 23 5 0 37 23 0.68
1 1 9 3 16 0 0 3 1 19 0 0 3 7 3 0 1 3 3 0.3
1 5 3 9 19 10 16 8 3 3 0 3 20 12 0 0 9 0 2 0.5
0 0 24 8 6 0 1 0 4 0 13 12 2 3 5 0 0 3 2 0.33
4 0 11 0 11 0 0 5 0 0 6 3 9 3 0 1 14 0 8 0.36
10 24 0 0 33 19 0 26 0 54 18 8 0 20 0 0 48 47 34 0.62
0 0 3 7 2 19 3 1 1 0 5 3 0 5 12 3 1 5 0 0.31
7 7 15 3 1 0 7 10 7 0 2 3 9 0 6 0 0 1 0 0.38
3 9 2 0 0 3 8 18 13 8 2 0 0 4 8 0 12 8 3 0.46
1 2 0 0 2 4 3 0 0 0 0 0 0 3 0 4 0 2 0 0.11
5 53 0 31 12 0 35 0 87 32 0 51 1 0 55 0 23 0 0 0.5
0 51 0 0 31 10 0 0 85 0 0 0 0 0 18 116 0 72 29 0.42
0 0 15 6 0 0 6 0 0 0 0 7 10 4 0 0 0 2 10 0.28
37 86 0 41 8 4 0 0 4 50 3 51 0 0 33 0 34 0 0 0.46
15 0 3 0 6 6 11 0 14 6 6 10 0 13 6 10 0 5 8 0.55
6 10 3 13 1 3 4 7 10 2 10 0 21 1 3 0 15 1 2 0.48
0 3 2 4 0 0 0 0 0 0 0 0 2 0 0 0 0 0 3 0.07
0 3 0 8 0 14 14 16 0 13 0 0 3 18 0 0 0 1 0 0.34
0 6 15 2 20 2 5 4 4 9 6 0 0 3 4 3 0 1 5 0.38
1 0 0 0 1 0 0 0 2 0 0 0 0 3 3 0 0 0 0 0.05
0 5 16 9 1 0 7 6 5 4 5 3 0 24 0 5 1 1 0 0.37
16 3 0 0 2 4 12 12 1 1 0 3 2 0 0 0 1 1 9 0.29
79 33 41 29 81 30 0 96 31 0 28 44 32 0 13 0 0 0 21 0.68
4 6 2 2 0 2 0 2 5 0 0 4 0 2 1 0 0 0 0 0.15
0 0 0 1 3 1 0 2 0 2 1 5 4 0 0 0 2 0 0 0.11
9 9 6 2 0 1 1 12 24 0 2 0 5 20 6 3 0 19 1 0.44
8 0 2 0 0 0 14 8 0 0 4 6 0 0 8 0 5 2 5 0.3
6 0 4 2 2 11 2 2 0 12 4 2 1 1 18 0 6 0 6 0.35
1 0 0 2 0 5 0 6 0 3 0 0 6 10 12 0 9 5 12 0.35
0 0 2 3 0 0 0 0 1 5 0 0 0 0 0 0 0 0 0 0.05
2 2 5 18 0 0 2 14 3 0 3 5 0 14 0 0 0 0 0 0.27
0 10 7 9 0 3 0 6 3 2 22 0 4 4 21 3 12 0 0 0.42
0 1 27 0 0 0 34 0 46 32 38 0 0 9 16 0 25 37 38 0.52
0 0 0 10 9 12 2 0 1 0 0 2 0 7 5 5 8 3 0 0.32
0 0 0 0 0 0 0 3 2 2 0 2 4 3 2 0 0 3 0 0.11
0 0 3 0 0 8 4 5 4 4 0 7 0 7 10 7 0 4 16 0.38
14 0 1 3 3 1 0 9 5 0 5 1 2 3 3 7 7 6 2 0.35
11 8 0 0 22 0 43 0 0 1 10 48 35 34 40 5 34 15 36 0.65
0 3 4 0 1 2 1 0 0 10 0 0 17 1 0 0 5 12 3 0.26
1 0 0 3 0 5 0 1 0 1 0 6 1 0 0 1 0 0 0 0.1
14 5 3 0 4 0 8 6 0 0 0 6 5 0 0 8 0 0 13 0.34
4 5 0 1 0 11 8 0 0 9 15 4 0 19 3 5 8 0 19 0.45
2 0 1 0 2 0 5 0 2 2 0 2 0 1 0 3 0 0 0 0.1
15 0 1 2 0 0 3 6 5 3 0 5 12 4 1 0 6 22 1 0.35
0 3 4 0 0 6 0 5 0 20 0 1 6 9 10 9 18 6 0 0.41
0 0 0 10 0 2 0 6 4 0 8 13 4 0 8 18 3 0 0 0.34
11 2 8 3 16 22 0 11 3 3 5 5 5 8 1 6 0 3 9 0.53
9 0 8 3 0 16 9 10 1 4 1 0 9 0 0 3 0 8 0 0.39
1 0 3 9 6 2 8 0 0 1 1 8 15 5 1 7 1 0 10 0.38
26 0 34 4 33 0 26 49 0 24 37 0 0 11 30 5 32 32 2 0.63
2 8 9 4 4 0 6 7 1 6 1 8 1 11 1 4 8 1 2 0.43
19 0 3 1 0 9 0 0 0 7 0 0 0 0 0 0 0 0 6 0.18
0 8 9 10 0 11 1 13 6 0 3 11 0 6 9 0 0 0 5 0.45
0 0 0 2 6 6 0 2 0 3 1 1 2 3 3 1 3 1 3 0.19
6 0 1 23 5 5 0 4 0 0 3 12 5 1 4 5 2 0 0 0.32
0 0 0 2 0 0 0 2 0 4 0 1 0 0 1 0 0 0 4 0.07
0 0 48 0 43 16 45 130 6 38 47 41 0 0 0 0 50 41 0 0.55
5 6 18 3 0 5 0 1 0 5 2 1 1 4 5 6 8 5 5 0.37
0 0 14 2 10 9 7 1 5 2 0 3 0 6 2 4 0 24 3 0.38
2 4 0 10 11 2 5 3 3 0 7 3 5 10 0 0 6 0 8 0.41
14 0 0 0 0 0 0 47 20 52 0 32 27 0 0 33 37 141 0 0.47
0 4 1 4 0 0 3 1 0 0 0 0 2 0 2 0 2 2 0 0.11
0 3 1 0 0 0 0 0 0 0 0 4 0 2 0 0 0 1 1 0.06
10 0 0 0 0 4 17 0 0 10 0 0 0 3 0 0 0 9 0 0.24
4 0 13 0 3 1 2 9 4 4 6 3 3 1 3 0 5 0 14 0.35
3 3 1 0 1 2 1 3 0 3 6 13 0 7 6 0 23 6 0 0.32
4 5 7 0 0 0 16 0 9 0 0 3 2 4 8 0 1 0 4 0.3
1 0 0 11 0 0 10 7 2 1 0 0 0 0 2 15 9 0 0 0.27
3 0 4 0 0 0 5 3 0 0 0 2 5 0 0 0 2 2 0 0.13
4 8 10 2 5 1 12 0 6 0 0 2 4 0 6 0 4 6 0 0.35
22 0 35 17 23 17 2 11 12 3 0 39 4 4 0 40 37 0 40 0.64
5 0 3 11 12 4 3 0 7 14 6 0 0 0 0 2 16 2 3 0.39
15 0 0 40 0 49 57 0 20 43 0 0 58 0 0 0 0 18 0 0.42
8 2 2 6 5 2 1 2 9 0 0 1 0 0 0 13 1 9 0 0.3
1 0 3 3 2 1 0 1 0 0 0 2 0 3 1 0 0 0 4 0.11
2 0 10 0 4 2 0 0 0 7 10 0 2 23 5 3 13 8 8 0.42
32 0 29 0 58 10 34 77 16 38 21 0 10 1 0 23 26 59 0 0.68
0 0 2 2 1 1 13 8 3 13 0 0 0 10 11 4 0 0 0 0.32
6 0 0 0 0 0 2 0 0 0 1 0 2 4 3 1 1 0 0 0.1
29 0 0 1 44 35 25 38 31 51 34 0 15 0 0 0 0 0 35 0.53
24 16 4 0 2 0 0 7 2 5 1 0 6 6 21 10 0 4 3 0.42
0 0 3 3 3 6 0 0 0 3 0 3 0 2 0 1 0 0 0 0.12
0 0 5 4 3 0 0 0 0 0 0 3 0 3 0 1 0 0 0 0.1
3 14 9 20 2 2 5 0 1 12 2 9 4 1 2 0 6 2 22 0.46
12 3 4 0 8 2 4 0 4 0 0 5 0 5 11 2 14 5 0 0.37
0 2 34 0 54 0 138 50 26 0 0 31 31 0 17 18 0 41 32 0.58
0 19 6 4 0 1 0 0 3 0 0 0 3 0 0 0 0 0 4 0.16
0 3 4 0 0 0 1 0 0 1 6 0 0 0 0 0 0 0 0 0.07
3 11 23 1 0 4 0 24 0 0 5 19 5 0 1 3 4 7 0 0.38
8 0 2 0 6 17 2 0 0 0 2 15 4 0 15 10 6 0 1 0.37
34 32 0 0 36 37 49 0 0 41 51 0 24 32 0 13 0 0 57 0.57
0 4 13 0 0 0 0 10 0 0 14 1 11 0 1 0 2 0 12 0.3
0 0 33 146 0 0 0 0 0 0 0 31 0 0 0 0 0 0 28 0.21
12 21 1 0 2 0 1 3 2 0 6 5 10 1 0 1 0 2 19 0.33
46 0 34 16 26 0 11 3 0 0 26 37 0 0 34 32 0 26 23 0.59
0 0 124 8 4 154 30 1 0 33 0 0 0 0 0 0 32 29 10 0.43
0 1 7 5 5 2 1 6 0 2 0 0 7 9 1 3 10 0 4 0.33
0 0 0 13 10 2 10 19 10 0 10 7 0 1 4 14 2 0 0 0.45
5 5 5 14 0 15 12 0 0 0 2 4 5 1 1 8 12 0 1 0.4
37 36 40 20 40 0 33 37 14 38 29 8 41 0 47 0 47 0 21 0.77
0 8 10 1 1 6 3 5 2 2 4 11 10 3 22 0 2 18 11 0.51
0 1 2 0 5 0 0 3 0 0 1 0 3 1 1 3 0 0 1 0.11
0 2 0 3 4 0 0 7 2 0 8 6 13 2 0 1 0 9 1 0.28
0 45 2 0 0 0 76 27 0 0 2 3 0 104 5 0 39 33 0 0.37
0 2 3 0 3 4 7 2 2 7 0 7 17 0 0 3 1 0 14 0.32
9 7 19 2 10 0 10 1 0 2 8 4 2 11 4 0 2 0 8 0.46
5 1 15 5 7 0 0 0 0 0 1 0 1 1 0 15 4 7 0 0.27
3 0 7 11 5 1 13 3 0 3 0 0 0 11 12 3 4 0 10 0.41
11 33 36 35 68 10 40 34 34 41 63 25 34 0 0 0 40 0 39 0.78
0 0 0 0 0 2 14 0 0 14 0 0 0 7 0 0 0 0 12 0.2
3 10 0 3 15 0 3 1 8 0 0 1 0 1 0 0 0 0 0 0.21
1 11 4 0 0 0 0 2 1 3 11 0 4 8 1 0 0 8 1 0.27
2 11 0 0 8 2 4 4 11 16 7 2 12 0 2 0 0 0 4 0.39
5 0 3 1 0 0 0 0 0 0 1 2 0 1 0 0 0 3 6 0.11
0 0 0 0 0 3 0 2 0 2 4 0 0 1 0 0 2 3 3 0.1
12 0 0 38 7 12 33 0 0 32 0 35 0 13 160 0 14 22 25 0.61
2 3 0 2 1 2 0 1 1 6 0 0 2 2 0 6 4 0 2 0.17
0 48 77 31 35 43 0 7 0 125 0 33 31 0 2 31 0 21 0 0.57
0 0 0 0 0 35 0 34 0 14 0 31 16 36 32 52 15 0 0 0.47
0 3 3 0 0 0 0 6 2 0 9 0 0 2 4 11 5 8 0 0.27
0 2 15 4 2 13 3 14 0 9 6 1 3 8 0 12 17 18 0 0.51
3 3 0 3 0 0 0 2 4 0 0 0 0 0 1 0 0 1 4 0.11
13 91 0 45 6 0 0 19 0 37 33 0 0 7 0 17 49 9 21 0.58
0 21 0 5 1 0 0 1 2 2 1 0 0 1 0 6 10 0 18 0.25
1 0 0 1 2 23 9 14 1 3 1 5 0 2 0 2 6 5 5 0.33
1 3 0 2 2 3 0 8 9 3 1 0 8 12 20 5 7 0 0 0.37
40 0 26 36 0 6 36 0 38 38 0 75 34 0 32 46 40 0 0 0.61
2 2 12 19 0 5 1 5 1 6 1 0 10 11 3 23 4 4 0 0.44
6 2 0 17 5 0 1 0 0 2 0 6 13 0 21 11 2 8 19 0.43
31 37 25 0 157 47 0 0 4 0 90 0 0 9 0 41 0 43 34 0.54
0 0 32 0 13 0 33 29 22 17 34 21 0 0 0 34 40 21 30 0.63
37 0 35 0 2 0 14 0 0 150 8 43 31 7 33 0 0 0 0 0.45
1 1 14 0 9 0 0 2 5 0 3 19 2 0 11 0 9 0 3 0.34
1 0 0 0 0 9 7 2 10 18 8 1 0 0 0 2 0 1 11 0.32
2 0 0 3 11 3 0 0 6 9 0 7 0 0 0 0 0 0 1 0.21
0 1 0 8 3 23 8 8 0 9 6 5 12 0 3 0 1 14 0 0.43
2 0 4 0 0 0 0 1 0 0 0 0 0 3 2 0 1 3 0 0.08
0 0 0 0 0 9 0 4 9 10 9 0 0 1 0 2 2 0 5 0.26
20 0 0 33 0 28 1 3 0 20 12 9 0 35 0 51 18 41 0 0.54
3 3 0 2 0 6 0 0 1 1 0 0 6 1 0 0 0 0 0 0.12
1 0 2 17 2 21 4 0 13 14 13 0 1 9 0 6 0 5 0 0.42
0 0 0 0 115 0 0 0 34 37 42 0 43 0 0 0 17 57 8 0.41
2 7 6 2 3 11 3 0 0 0 0 8 0 5 0 0 0 5 0 0.26
0 0 0 5 0 6 0 0 0 0 0 3 0 0 0 0 0 1 0 0.07
0 0 6 0 0 0 1 0 1 3 1 0 1 0 0 6 1 0 0 0.1
141 0 28 0 39 0 0 43 8 0 0 36 43 32 0 7 0 44 11 0.55
5 0 24 13 0 1 10 4 3 3 19 1 6 6 0 0 0 6 6 0.42
4 12 1 0 13 0 3 3 0 21 3 4 0 14 0 1 5 0 1 0.34
1 3 1 0 0 0 5 15 0 0 5 1 14 6 0 18 0 5 1 0.3
0 0 1 0 0 0 0 0 0 0 1 0 0 0 3 3 2 0 1 0.05
41 37 0 29 0 0 4 25 0 0 7 0 69 0 8 45 47 0 58 0.52
0 3 4 3 0 0 0 0 1 0 0 0 3 0 0 0 0 1 1 0.08
0 1 3 2 2 0 0 1 5 0 0 0 0 0 0 0 0 0 0 0.07
2 0 0 11 0 0 0 0 0 1 0 17 4 10 2 2 1 0 3 0.23
0 3 3 7 7 10 14 0 0 11 22 20 10 0 4 0 8 0 7 0.52
0 0 1 2 10 0 0 0 4 3 0 16 0 10 7 0 0 0 14 0.3
0 35 0 1 0 39 0 40 0 25 92 24 0 99 0 8 32 10 0 0.52
8 6 4 0 9 0 3 0 6 1 6 13 7 7 4 0 3 2 0 0.4
0 0 5 8 1 1 0 0 6 13 1 8 12 0 1 4 0 16 5 0.36
25 40 34 0 0 20 0 0 0 20 22 48 0 9 36 0 3 23 46 0.58
6 1 1 12 0 7 0 11 1 6 1 0 13 1 8 3 8 13 0 0.43
0 18 0 0 0 11 5 3 0 17 0 3 0 3 0 8 3 3 16 0.35
4 0 39 38 38 34 13 0 48 16 54 32 16 41 0 44 31 9 0 0.75
0 0 5 7 1 2 0 0 14 3 0 1 1 2 8 10 0 24 10 0.36
23 2 0 12 0 0 4 3 5 0 0 0 2 3 12 5 0 12 0 0.33
2 2 17 23 1 14 0 10 5 6 9 0 10 14 1 6 6 8 0 0.55
0 17 14 0 43 0 0 0 0 38 49 8 38 32 0 40 8 7 3 0.55
43 0 38 47 32 0 36 38 38 35 0 0 16 0 0 94 0 36 0 0.57
9 5 8 11 7 2 4 6 0 2 19 8 16 2 22 2 0 9 23 0.6
0 8 3 4 0 15 5 2 1 2 2 0 4 19 0 15 0 3 8 0.37
0 0 0 0 8 17 0 2 0 9 2 0 0 7 17 0 0 9 1 0.3
9 0 5 12 0 0 2 1 2 2 1 6 2 0 1 10 1 4 1 0.3
0 3 6 0 0 0 0 0 0 1 0 0 1 3 0 0 1 2 0 0.08
0 1 1 0 3 1 0 0 4 0 0 0 2 0 1 0 0 0 0 0.06
58 32 18 25 0 0 0 0 40 0 0 17 0 0 0 52 21 20 0 0.47
1 0 0 1 0 0 0 0 4 0 0 0 6 0 0 3 0 0 0 0.07
45 0 38 77 35 45 0 0 31 22 36 5 32 71 32 0 37 38 48 0.76
0 1 0 3 1 0 0 4 0 0 0 1 0 0 2 0 1 0 0 0.06
31 0 3 0 48 0 0 1 40 0 58 0 31 0 0 0 40 39 15 0.44
37 0 0 0 17 44 0 0 26 35 0 124 0 53 0 18 31 33 38 0.57
3 19 5 16 8 1 12 0 0 4 0 2 4 0 6 0 0 8 0 0.37
10 2 13 0 1 6 3 11 14 1 0 0 0 10 0 3 0 6 0 0.37
13 3 0 2 0 8 0 10 6 3 12 7 1 0 1 11 0 9 0 0.42
37 45 44 53 0 0 12 4 0 0 14 5 0 12 65 0 0 52 37 0.57
0 1 0 0 3 1 1 2 0 0 5 0 3 0 0 0 0 3 3 0.11
0 0 2 14 14 4 2 3 3 11 0 6 0 1 1 0 9 11 0 0.37
20 19 0 5 2 0 0 1 6 0 8 0 21 3 0 0 3 3 6 0.35
0 0 0 1 0 0 0 3 6 2 1 0 0 0 1 2 0 0 0 0.08
3 0 0 3 4 0 0 0 1 0 5 5 0 0 0 0 0 4 3 0.14
0 3 0 2 0 3 0 0 0 0 0 0 1 0 2 5 0 1 0 0.08
21 47 3 0 3 40 0 0 26 0 0 0 19 14 113 43 33 34 32 0.61
